9.000000e-02 7.622530e-01
2.550000e-01 7.607163e-01
2.850000e-01 7.602611e-01
2.250000e-01 7.605579e-01
3.300000e-01 7.632962e-01
1.800000e-01 7.609851e-01
3.000000e-02 7.614833e-01
2.400000e-01 7.642170e-01
7.500000e-02 nan
0.000000e+00 7.617738e-01
1.050000e-01 7.619626e-01
1.950000e-01 7.610910e-01
1.200000e-01 7.598397e-01
3.000000e-01 7.614457e-01
3.150000e-01 7.623172e-01
1.650000e-01 7.605257e-01
6.000000e-02 7.616370e-01
1.500000e-02 7.633603e-01
1.500000e-01 nan
2.700000e-01 7.614194e-01
1.350000e-01 7.608091e-01
6.000000e-01 8.141234e-01
2.100000e-01 nan
6.300000e-01 8.249457e-01
4.500000e-02 7.616801e-01
6.750000e-01 8.423038e-01
5.850000e-01 8.091870e-01
3.750000e-01 7.655591e-01
4.500000e-01 7.754427e-01
5.700000e-01 8.042372e-01
6.600000e-01 8.366014e-01
4.050000e-01 7.692518e-01
3.450000e-01 7.640004e-01
6.450000e-01 8.342349e-01
3.600000e-01 7.638144e-01
5.400000e-01 7.951157e-01
9.750000e-01 8.501906e-01
5.100000e-01 7.877256e-01
4.350000e-01 7.726292e-01
4.950000e-01 7.842014e-01
4.200000e-01 7.710606e-01
5.250000e-01 7.911194e-01
4.650000e-01 7.779555e-01
6.150000e-01 8.193323e-01
9.300000e-01 8.690879e-01
4.800000e-01 7.805670e-01
9.450000e-01 8.636984e-01
3.900000e-01 7.677147e-01
5.550000e-01 7.996149e-01
7.200000e-01 8.591841e-01
8.550000e-01 8.825009e-01
9.900000e-01 8.414460e-01
7.800000e-01 8.761175e-01
7.950000e-01 8.786966e-01
7.650000e-01 8.736504e-01
9.150000e-01 8.734793e-01
1.020000e+00 8.211629e-01
8.700000e-01 8.814167e-01
8.400000e-01 8.826811e-01
8.850000e-01 8.797443e-01
6.900000e-01 8.482782e-01
1.005000e+00 8.317930e-01
7.050000e-01 8.537818e-01
7.500000e-01 8.686671e-01
1.275000e+00 4.610304e-01
9.600000e-01 8.585550e-01
1.290000e+00 4.335388e-01
1.320000e+00 3.810386e-01
8.100000e-01 8.808016e-01
8.250000e-01 8.820632e-01
1.125000e+00 7.099795e-01
7.350000e-01 8.640069e-01
1.185000e+00 6.191787e-01
9.000000e-01 8.771416e-01
1.230000e+00 5.422653e-01
1.110000e+00 7.297009e-01
1.365000e+00 3.069159e-01
1.200000e+00 5.941601e-01
1.065000e+00 7.813568e-01
1.620000e+00 6.277233e-02
1.035000e+00 8.088948e-01
1.140000e+00 6.888840e-01
1.335000e+00 3.555336e-01
1.170000e+00 6.441702e-01
1.215000e+00 5.682719e-01
1.635000e+00 5.665646e-02
1.095000e+00 7.486231e-01
1.260000e+00 4.878625e-01
1.050000e+00 7.957357e-01
1.350000e+00 3.308412e-01
1.305000e+00 4.071943e-01
1.530000e+00 1.152879e-01
1.470000e+00 1.692210e-01
1.155000e+00 6.665129e-01
1.665000e+00 4.629491e-02
1.455000e+00 1.856588e-01
1.245000e+00 5.150427e-01
1.965000e+00 9.438070e-03
1.515000e+00 1.271341e-01
1.080000e+00 7.653148e-01
1.605000e+00 6.955268e-02
1.560000e+00 9.429081e-02
1.545000e+00 1.044585e-01
1.575000e+00 8.525741e-02
1.395000e+00 2.623527e-01
1.710000e+00 3.446598e-02
1.680000e+00 4.192350e-02
1.440000e+00 2.031092e-01
1.815000e+00 1.846876e-02
1.590000e+00 7.707365e-02
1.650000e+00 5.120870e-02
1.380000e+00 2.839147e-01
2.010000e+00 8.116586e-03
1.695000e+00 3.796518e-02
1.875000e+00 1.366969e-02
1.410000e+00 2.411910e-01
1.485000e+00 1.540990e-01
1.920000e+00 1.122348e-02
1.785000e+00 2.180115e-02
1.800000e+00 2.006218e-02
1.980000e+00 8.934128e-03
1.500000e+00 1.399973e-01
1.890000e+00 1.276068e-02
1.425000e+00 2.213411e-01
2.025000e+00 7.751560e-03
2.310000e+00 4.316394e-03
1.905000e+00 1.195970e-02
1.860000e+00 1.469002e-02
1.995000e+00 8.490113e-03
2.040000e+00 7.416689e-03
2.055000e+00 7.113971e-03
2.220000e+00 4.970665e-03
1.935000e+00 1.054914e-02
1.725000e+00 3.132347e-02
1.740000e+00 2.852740e-02
2.160000e+00 5.555703e-03
1.950000e+00 9.959569e-03
2.235000e+00 4.838228e-03
2.355000e+00 4.059980e-03
1.755000e+00 2.604587e-02
1.830000e+00 1.707077e-02
1.770000e+00 2.381146e-02
2.145000e+00 5.731282e-03
2.265000e+00 4.611515e-03
2.370000e+00 3.978848e-03
2.130000e+00 5.919473e-03
1.845000e+00 1.579658e-02
2.205000e+00 5.102770e-03
2.325000e+00 4.227642e-03
2.070000e+00 6.833487e-03
2.280000e+00 4.507722e-03
2.400000e+00 3.840052e-03
2.655000e+00 3.128374e-03
2.385000e+00 3.911449e-03
2.295000e+00 4.412483e-03
2.340000e+00 4.141265e-03
2.700000e+00 3.054327e-03
2.505000e+00 3.455888e-03
2.115000e+00 6.120952e-03
2.100000e+00 6.338879e-03
2.250000e+00 4.724561e-03
2.085000e+00 6.574427e-03
2.175000e+00 5.397700e-03
2.580000e+00 3.274429e-03
2.190000e+00 5.250059e-03
2.415000e+00 3.762096e-03
2.490000e+00 3.499702e-03
2.565000e+00 3.298079e-03
2.670000e+00 3.100499e-03
2.550000e+00 3.339024e-03
2.715000e+00 3.036724e-03
2.625000e+00 3.178872e-03
2.640000e+00 3.158361e-03
2.610000e+00 3.202313e-03
2.475000e+00 3.549699e-03
2.745000e+00 2.999022e-03
2.595000e+00 3.169365e-03
2.730000e+00 3.023696e-03
3.000000e+00 2.841070e-03
2.520000e+00 3.401368e-03
2.430000e+00 3.717856e-03
2.685000e+00 3.074380e-03
2.850000e+00 2.961044e-03
2.445000e+00 3.664373e-03
2.925000e+00 2.853647e-03
2.460000e+00 3.605439e-03
2.535000e+00 3.371137e-03
2.760000e+00 2.995188e-03
2.910000e+00 2.889848e-03
2.835000e+00 2.923763e-03
2.895000e+00 2.857789e-03
2.985000e+00 2.848589e-03
2.955000e+00 2.850033e-03
2.970000e+00 2.853979e-03
2.940000e+00 2.858220e-03
2.820000e+00 2.929571e-03
2.790000e+00 2.953390e-03
2.775000e+00 2.984873e-03
2.880000e+00 2.901254e-03
2.865000e+00 2.885251e-03
2.805000e+00 2.943990e-03
