2.700000e-01 3.794470e-03
6.000000e-02 4.123224e-03
1.950000e-01 3.906099e-03
3.000000e-02 4.162804e-03
1.800000e-01 3.935257e-03
2.250000e-01 3.864308e-03
1.200000e-01 nan
1.350000e-01 4.017819e-03
1.650000e-01 3.964420e-03
1.050000e-01 4.062453e-03
2.100000e-01 3.872014e-03
2.400000e-01 3.831485e-03
4.500000e-02 nan
2.550000e-01 3.817386e-03
1.500000e-02 4.197964e-03
1.500000e-01 3.980141e-03
7.500000e-02 4.106366e-03
9.000000e-02 4.089314e-03
0.000000e+00 4.212422e-03
2.850000e-01 3.764415e-03
4.950000e-01 4.040622e-03
4.200000e-01 3.771332e-03
5.400000e-01 4.372629e-03
4.050000e-01 3.743804e-03
5.700000e-01 4.678877e-03
3.600000e-01 3.707965e-03
5.250000e-01 4.239053e-03
3.300000e-01 3.730930e-03
3.750000e-01 3.715027e-03
4.800000e-01 3.960370e-03
4.650000e-01 3.891442e-03
4.500000e-01 3.843278e-03
5.100000e-01 4.125800e-03
4.350000e-01 3.800091e-03
3.900000e-01 3.720404e-03
7.050000e-01 7.869580e-03
7.950000e-01 1.308348e-02
5.850000e-01 4.875370e-03
8.700000e-01 2.076085e-02
7.200000e-01 8.499949e-03
8.400000e-01 1.727255e-02
3.150000e-01 3.739843e-03
3.450000e-01 3.714386e-03
5.550000e-01 4.517614e-03
7.650000e-01 1.093163e-02
6.750000e-01 6.807529e-03
7.800000e-01 1.195247e-02
6.300000e-01 5.656931e-03
3.000000e-01 3.743308e-03
8.250000e-01 1.574146e-02
6.600000e-01 6.368406e-03
8.100000e-01 1.435177e-02
1.095000e+00 4.547462e-02
6.900000e-01 7.301634e-03
1.005000e+00 3.922693e-02
7.500000e-01 1.002202e-02
1.140000e+00 4.533353e-02
1.020000e+00 4.087747e-02
8.850000e-01 2.269471e-02
6.450000e-01 5.980999e-03
7.350000e-01 9.216421e-03
1.065000e+00 4.439716e-02
1.125000e+00 4.557558e-02
9.300000e-01 2.903216e-02
6.150000e-01 5.358946e-03
8.550000e-01 1.894631e-02
1.110000e+00 4.565992e-02
9.900000e-01 3.743737e-02
6.000000e-01 5.099187e-03
1.170000e+00 4.419613e-02
9.750000e-01 3.542877e-02
1.050000e+00 4.348175e-02
1.080000e+00 4.506682e-02
1.305000e+00 3.477753e-02
1.395000e+00 2.882598e-02
1.185000e+00 4.340377e-02
9.600000e-01 3.336545e-02
1.035000e+00 4.229196e-02
1.440000e+00 2.639310e-02
9.450000e-01 3.118910e-02
1.320000e+00 3.367455e-02
9.000000e-01 2.473187e-02
1.425000e+00 2.717677e-02
1.155000e+00 4.486455e-02
1.230000e+00 4.040469e-02
1.410000e+00 2.797534e-02
9.150000e-01 2.684773e-02
1.605000e+00 1.965680e-02
1.380000e+00 2.972428e-02
1.260000e+00 3.816257e-02
1.350000e+00 3.163263e-02
1.485000e+00 2.422934e-02
1.200000e+00 4.250099e-02
1.365000e+00 3.066733e-02
1.335000e+00 3.264361e-02
1.695000e+00 1.701616e-02
1.275000e+00 3.701831e-02
1.470000e+00 2.491544e-02
1.620000e+00 1.917732e-02
1.290000e+00 3.589134e-02
1.530000e+00 2.233647e-02
1.740000e+00 1.587094e-02
1.245000e+00 3.929310e-02
1.650000e+00 1.827707e-02
1.710000e+00 1.662205e-02
1.560000e+00 2.120736e-02
1.680000e+00 1.743026e-02
1.905000e+00 1.237623e-02
1.725000e+00 1.624204e-02
1.995000e+00 1.084119e-02
1.770000e+00 1.516053e-02
1.455000e+00 2.564927e-02
1.215000e+00 4.148787e-02
1.590000e+00 2.014971e-02
1.635000e+00 1.871622e-02
1.500000e+00 2.357323e-02
1.575000e+00 2.066906e-02
2.040000e+00 1.018927e-02
1.920000e+00 1.210758e-02
1.980000e+00 1.106866e-02
1.665000e+00 1.783677e-02
1.545000e+00 2.175722e-02
1.785000e+00 1.482747e-02
1.830000e+00 1.385414e-02
2.295000e+00 7.770795e-03
1.755000e+00 1.551512e-02
2.010000e+00 1.060837e-02
1.890000e+00 1.264672e-02
1.950000e+00 1.156748e-02
1.515000e+00 2.294415e-02
1.935000e+00 1.182712e-02
2.025000e+00 1.039674e-02
1.800000e+00 1.449142e-02
1.965000e+00 1.131243e-02
1.860000e+00 1.324669e-02
2.220000e+00 8.290556e-03
2.205000e+00 8.400408e-03
2.085000e+00 9.596907e-03
2.340000e+00 7.519230e-03
2.070000e+00 9.780518e-03
2.280000e+00 7.849345e-03
1.875000e+00 1.295041e-02
2.130000e+00 9.092611e-03
2.310000e+00 7.669286e-03
2.160000e+00 8.807921e-03
1.815000e+00 1.416279e-02
2.055000e+00 9.986020e-03
2.250000e+00 8.070831e-03
1.845000e+00 1.353221e-02
2.235000e+00 8.164345e-03
2.265000e+00 7.962613e-03
2.595000e+00 6.513128e-03
2.100000e+00 9.414657e-03
2.190000e+00 8.534175e-03
2.325000e+00 7.589586e-03
2.520000e+00 6.741003e-03
2.175000e+00 8.651114e-03
2.370000e+00 7.343068e-03
2.580000e+00 6.543416e-03
2.145000e+00 8.942107e-03
2.385000e+00 7.284719e-03
2.355000e+00 7.435712e-03
2.460000e+00 6.951396e-03
2.505000e+00 6.791931e-03
2.640000e+00 6.381326e-03
2.115000e+00 9.257330e-03
2.550000e+00 6.694002e-03
2.535000e+00 6.669483e-03
2.430000e+00 7.077286e-03
2.565000e+00 6.575131e-03
2.490000e+00 6.856525e-03
2.610000e+00 6.462057e-03
2.880000e+00 6.001662e-03
2.400000e+00 7.214103e-03
2.895000e+00 6.026477e-03
2.475000e+00 6.893829e-03
2.820000e+00 5.953415e-03
2.445000e+00 7.018195e-03
2.685000e+00 6.285262e-03
2.625000e+00 6.433475e-03
2.805000e+00 6.091707e-03
2.415000e+00 7.145781e-03
2.850000e+00 6.011304e-03
2.655000e+00 6.358707e-03
2.670000e+00 6.338737e-03
2.940000e+00 5.997366e-03
2.910000e+00 5.991901e-03
2.790000e+00 6.119505e-03
2.760000e+00 6.162658e-03
2.730000e+00 6.213782e-03
2.835000e+00 6.061765e-03
2.865000e+00 6.022502e-03
2.775000e+00 6.140524e-03
2.700000e+00 6.253471e-03
2.925000e+00 5.991967e-03
2.715000e+00 6.229313e-03
2.745000e+00 6.189915e-03
2.955000e+00 5.924198e-03
2.970000e+00 5.907168e-03
2.985000e+00 5.887060e-03
3.000000e+00 5.929048e-03
