3.000000e-02 9.952220e-02
2.700000e-01 9.326479e-02
2.550000e-01 9.306858e-02
2.400000e-01 9.375064e-02
4.500000e-02 9.733353e-02
7.500000e-02 nan
2.100000e-01 9.431349e-02
1.350000e-01 9.593036e-02
2.250000e-01 9.364900e-02
0.000000e+00 9.911079e-02
9.000000e-02 9.714784e-02
1.800000e-01 9.500296e-02
1.200000e-01 9.632989e-02
1.500000e-01 9.558986e-02
1.950000e-01 9.440690e-02
6.000000e-02 9.840747e-02
2.850000e-01 9.255070e-02
1.650000e-01 9.536301e-02
1.050000e-01 9.664171e-02
1.500000e-02 9.901963e-02
3.300000e-01 9.251381e-02
3.450000e-01 9.274574e-02
5.250000e-01 1.093823e-01
4.500000e-01 9.814579e-02
5.550000e-01 1.166913e-01
4.350000e-01 9.674330e-02
5.700000e-01 1.210248e-01
5.850000e-01 1.260290e-01
3.900000e-01 9.432038e-02
4.650000e-01 9.978286e-02
5.100000e-01 1.064364e-01
4.200000e-01 9.569298e-02
4.800000e-01 1.017560e-01
5.400000e-01 1.128874e-01
3.000000e-01 9.278902e-02
3.600000e-01 9.296374e-02
3.750000e-01 9.347046e-02
4.950000e-01 1.041053e-01
4.050000e-01 9.502567e-02
3.150000e-01 9.274632e-02
6.900000e-01 1.813932e-01
6.300000e-01 1.448878e-01
8.550000e-01 3.134813e-01
6.450000e-01 1.527376e-01
7.500000e-01 2.297168e-01
7.650000e-01 2.427994e-01
8.400000e-01 3.037888e-01
7.800000e-01 2.560126e-01
6.000000e-01 1.316544e-01
8.250000e-01 2.929391e-01
7.050000e-01 1.925577e-01
8.850000e-01 3.291826e-01
8.700000e-01 3.219999e-01
8.100000e-01 2.812284e-01
6.750000e-01 1.710082e-01
7.350000e-01 2.169871e-01
6.150000e-01 1.378191e-01
1.155000e+00 2.542527e-01
7.950000e-01 2.687001e-01
7.200000e-01 2.044475e-01
9.300000e-01 3.428451e-01
6.600000e-01 1.615292e-01
1.050000e+00 3.196639e-01
1.170000e+00 2.438123e-01
1.125000e+00 2.750563e-01
9.450000e-01 3.444219e-01
1.065000e+00 3.120008e-01
9.000000e-01 3.353190e-01
1.185000e+00 2.332661e-01
1.080000e+00 3.036522e-01
9.750000e-01 3.434898e-01
1.110000e+00 2.848756e-01
1.035000e+00 3.264706e-01
9.900000e-01 3.410491e-01
1.455000e+00 9.052889e-02
9.150000e-01 3.396553e-01
1.140000e+00 2.648857e-01
1.005000e+00 3.374324e-01
1.470000e+00 8.542853e-02
1.410000e+00 1.073702e-01
1.020000e+00 3.324921e-01
1.095000e+00 2.946527e-01
1.200000e+00 2.229932e-01
9.600000e-01 3.446314e-01
1.230000e+00 2.024392e-01
1.350000e+00 1.335745e-01
1.365000e+00 1.266327e-01
1.275000e+00 1.739599e-01
1.290000e+00 1.652893e-01
1.425000e+00 1.015844e-01
1.245000e+00 1.927324e-01
1.305000e+00 1.567145e-01
1.215000e+00 2.125142e-01
1.380000e+00 1.199342e-01
1.440000e+00 9.600859e-02
1.395000e+00 1.134651e-01
1.665000e+00 3.627493e-02
1.335000e+00 1.410074e-01
1.530000e+00 6.701751e-02
1.500000e+00 7.582180e-02
1.650000e+00 3.897285e-02
1.260000e+00 1.832366e-01
1.605000e+00 4.810207e-02
1.755000e+00 2.348098e-02
1.320000e+00 1.486856e-01
1.770000e+00 2.188002e-02
1.590000e+00 5.153119e-02
1.710000e+00 2.917632e-02
1.725000e+00 2.711322e-02
1.485000e+00 8.053370e-02
1.545000e+00 6.285768e-02
1.680000e+00 3.374683e-02
1.695000e+00 3.136968e-02
1.560000e+00 5.892751e-02
1.635000e+00 4.184056e-02
1.575000e+00 5.514163e-02
1.740000e+00 2.522749e-02
2.055000e+00 7.666653e-03
2.025000e+00 8.284464e-03
1.890000e+00 1.298613e-02
1.785000e+00 2.038260e-02
1.620000e+00 4.486825e-02
1.515000e+00 7.131098e-02
2.010000e+00 8.655709e-03
1.845000e+00 1.561709e-02
1.950000e+00 1.044769e-02
1.800000e+00 1.903338e-02
1.965000e+00 9.926108e-03
1.830000e+00 1.664555e-02
1.905000e+00 1.226626e-02
2.040000e+00 7.961862e-03
1.980000e+00 9.479288e-03
2.325000e+00 4.687582e-03
1.920000e+00 1.159528e-02
1.875000e+00 1.378231e-02
2.250000e+00 5.229121e-03
2.070000e+00 7.385773e-03
2.145000e+00 6.255729e-03
2.085000e+00 7.122276e-03
1.995000e+00 9.040929e-03
2.355000e+00 4.521106e-03
1.815000e+00 1.779537e-02
1.860000e+00 1.464845e-02
2.100000e+00 6.877565e-03
2.190000e+00 5.772337e-03
1.935000e+00 1.097824e-02
2.205000e+00 5.616310e-03
2.130000e+00 6.464041e-03
2.310000e+00 4.789742e-03
2.265000e+00 5.111381e-03
2.340000e+00 4.599568e-03
2.550000e+00 3.758931e-03
2.220000e+00 5.482179e-03
2.370000e+00 4.447946e-03
2.280000e+00 4.997028e-03
2.175000e+00 5.922518e-03
2.160000e+00 6.090262e-03
2.445000e+00 4.097291e-03
2.235000e+00 5.347878e-03
2.295000e+00 4.886063e-03
2.625000e+00 3.577875e-03
2.505000e+00 3.871051e-03
2.385000e+00 4.362479e-03
2.115000e+00 6.673916e-03
2.490000e+00 3.931379e-03
2.655000e+00 3.520759e-03
2.640000e+00 3.529248e-03
2.475000e+00 3.996455e-03
2.400000e+00 4.294254e-03
2.610000e+00 3.599090e-03
2.430000e+00 4.164946e-03
2.460000e+00 4.038992e-03
2.565000e+00 3.709741e-03
2.520000e+00 3.830563e-03
2.580000e+00 3.679285e-03
2.850000e+00 3.290946e-03
2.685000e+00 3.416828e-03
2.670000e+00 3.493778e-03
2.415000e+00 4.213566e-03
2.925000e+00 3.218257e-03
2.595000e+00 3.641858e-03
2.535000e+00 3.796151e-03
2.745000e+00 3.391389e-03
2.910000e+00 3.241922e-03
2.940000e+00 3.222320e-03
2.880000e+00 3.283310e-03
2.760000e+00 3.364591e-03
2.790000e+00 3.344764e-03
2.805000e+00 3.318760e-03
2.955000e+00 3.226860e-03
2.775000e+00 3.350810e-03
2.730000e+00 3.406062e-03
2.865000e+00 3.276516e-03
2.700000e+00 3.446696e-03
2.715000e+00 3.431903e-03
2.820000e+00 3.304675e-03
2.970000e+00 3.201195e-03
2.985000e+00 3.208644e-03
2.835000e+00 3.297000e-03
2.895000e+00 3.259173e-03
3.000000e+00 3.190359e-03
