-2.550000e-01 nan
-5.000000e-01 nan
-3.600000e-01 nan
-4.475000e-01 nan
-1.500000e-01 nan
-1.850000e-01 nan
-4.650000e-01 nan
-4.125000e-01 1.824883e-11
-3.250000e-01 3.550443e-11
-2.375000e-01 nan
-3.950000e-01 nan
-1.675000e-01 nan
-3.075000e-01 4.002304e-11
-2.025000e-01 8.232244e-11
-3.425000e-01 3.124920e-11
-3.775000e-01 2.325552e-11
-6.250000e-02 nan
-2.725000e-01 nan
-4.300000e-01 1.720823e-11
-2.900000e-01 4.532446e-11
1.300000e-01 nan
-4.825000e-01 nan
-8.000000e-02 1.915500e-10
2.350000e-01 1.721268e-09
2.500000e-02 nan
-2.750000e-02 2.778338e-10
7.500000e-03 3.527070e-10
1.475000e-01 9.343404e-10
3.225000e-01 nan
-1.150000e-01 nan
4.250000e-02 4.486770e-10
6.000000e-02 5.089129e-10
2.000000e-01 1.346465e-09
-1.000000e-02 3.135329e-10
-2.200000e-01 7.315035e-11
-1.325000e-01 nan
2.175000e-01 1.523646e-09
-4.500000e-02 nan
7.750000e-02 5.750379e-10
5.150000e-01 1.275813e-08
9.500000e-02 6.485350e-10
-9.750000e-02 nan
1.125000e-01 7.315184e-10
7.075000e-01 5.869334e-08
1.825000e-01 1.191628e-09
3.050000e-01 2.813336e-09
4.800000e-01 9.838650e-09
3.575000e-01 4.077681e-09
4.100000e-01 5.942208e-09
3.400000e-01 3.605349e-09
3.925000e-01 5.243841e-09
3.750000e-01 4.624256e-09
6.025000e-01 2.478324e-08
4.275000e-01 6.722387e-09
5.325000e-01 1.452171e-08
2.525000e-01 1.944424e-09
9.000000e-01 3.820803e-07
1.092500e+00 1.223529e-06
6.200000e-01 2.844276e-08
4.975000e-01 1.120740e-08
2.700000e-01 2.202162e-09
8.650000e-01 2.705378e-07
5.850000e-01 2.163269e-08
4.450000e-01 7.640974e-09
7.950000e-01 1.327142e-07
6.900000e-01 5.050977e-08
5.675000e-01 1.891686e-08
9.875000e-01 7.773253e-07
7.425000e-01 8.026491e-08
6.550000e-01 3.769833e-08
1.650000e-01 1.055015e-09
7.250000e-01 6.849453e-08
7.600000e-01 9.451865e-08
6.375000e-01 3.268006e-08
9.175000e-01 4.495449e-07
1.477500e+00 4.832907e-07
1.005000e+00 8.650470e-07
8.300000e-01 1.891014e-07
1.250000e+00 1.189994e-06
1.180000e+00 1.312215e-06
1.285000e+00 1.088192e-06
8.125000e-01 1.582275e-07
9.525000e-01 6.047362e-07
1.127500e+00 1.296565e-06
9.700000e-01 6.901273e-07
2.875000e-01 2.488890e-09
1.110000e+00 1.266488e-06
4.625000e-01 8.680584e-09
1.862500e+00 4.593754e-08
1.372500e+00 7.959819e-07
1.390000e+00 7.385607e-07
7.775000e-01 1.117583e-07
1.215000e+00 1.268101e-06
1.145000e+00 1.313899e-06
1.670000e+00 1.587616e-07
1.022500e+00 9.501250e-07
1.075000e+00 1.169322e-06
1.355000e+00 8.546787e-07
6.725000e-01 4.355436e-08
8.825000e-01 3.224019e-07
1.197500e+00 1.295282e-06
2.247500e+00 3.389070e-09
1.337500e+00 9.142995e-07
1.757500e+00 9.123144e-08
1.512500e+00 4.010445e-07
1.495000e+00 4.409197e-07
1.565000e+00 2.984989e-07
1.600000e+00 2.431013e-07
1.302500e+00 1.031806e-06
1.460000e+00 5.292056e-07
1.040000e+00 1.031078e-06
1.722500e+00 1.141494e-07
1.897500e+00 3.638739e-08
5.500000e-01 1.657749e-08
1.267500e+00 1.141247e-06
2.055000e+00 1.260395e-08
8.475000e-01 2.263281e-07
1.530000e+00 3.641717e-07
1.162500e+00 1.319094e-06
1.635000e+00 1.968897e-07
1.985000e+00 2.024763e-08
1.407500e+00 6.825470e-07
2.142500e+00 6.947391e-09
2.282500e+00 2.667963e-09
1.880000e+00 4.089060e-08
1.950000e+00 2.561682e-08
1.057500e+00 1.104796e-06
1.845000e+00 5.156742e-08
1.687500e+00 1.422708e-07
1.740000e+00 1.020533e-07
2.632500e+00 2.388852e-10
1.652500e+00 1.769178e-07
2.440000e+00 9.007636e-10
1.775000e+00 8.150784e-08
2.370000e+00 1.456296e-09
2.230000e+00 3.822726e-09
1.582500e+00 2.695484e-07
2.527500e+00 4.930517e-10
2.072500e+00 1.118182e-08
1.425000e+00 6.286398e-07
1.915000e+00 3.238976e-08
2.265000e+00 3.002277e-09
2.125000e+00 7.829728e-09
1.547500e+00 3.299904e-07
1.792500e+00 7.275076e-08
1.442500e+00 5.777133e-07
1.967500e+00 2.277764e-08
9.350000e-01 5.238102e-07
1.232500e+00 1.232436e-06
2.667500e+00 1.881243e-10
2.020000e+00 1.597705e-08
2.615000e+00 2.693662e-10
1.932500e+00 2.883299e-08
2.107500e+00 8.821453e-09
2.912500e+00 3.455994e-11
1.320000e+00 9.736902e-07
2.300000e+00 2.363703e-09
2.177500e+00 5.469803e-09
2.755000e+00 1.025449e-10
1.810000e+00 6.487292e-08
2.457500e+00 7.992257e-10
2.825000e+00 6.320846e-11
2.650000e+00 2.116302e-10
1.617500e+00 2.188618e-07
2.510000e+00 5.552920e-10
2.160000e+00 6.164436e-09
2.037500e+00 1.419470e-08
2.335000e+00 1.857119e-09
3.000000e+00 1.891421e-11
1.705000e+00 1.275019e-07
2.352500e+00 1.646655e-09
2.405000e+00 1.147333e-09
2.562500e+00 3.880043e-10
1.827500e+00 5.785239e-08
2.685000e+00 1.662866e-10
2.492500e+00 6.278455e-10
2.842500e+00 5.600504e-11
2.195000e+00 4.850444e-09
2.002500e+00 1.798868e-08
2.317500e+00 2.093017e-09
2.212500e+00 4.302148e-09
2.790000e+00 8.049119e-11
2.720000e+00 1.307262e-10
2.737500e+00 1.159149e-10
2.895000e+00 3.884229e-11
2.877500e+00 4.385685e-11
2.545000e+00 4.378411e-10
2.422500e+00 1.016749e-09
2.947500e+00 2.720755e-11
2.090000e+00 9.933462e-09
2.702500e+00 1.471049e-10
2.597500e+00 3.073734e-10
2.580000e+00 3.431554e-10
2.807500e+00 7.114795e-11
2.475000e+00 7.085877e-10
2.387500e+00 1.293586e-09
2.930000e+00 3.064378e-11
2.982500e+00 2.137705e-11
2.772500e+00 9.087663e-11
2.860000e+00 4.952891e-11
2.965000e+00 2.405592e-11
