-2.025000e-01 4.832898e-11
-5.000000e-01 6.170906e-12
-2.375000e-01 3.794414e-11
-3.775000e-01 1.441396e-11
-4.300000e-01 1.002003e-11
-4.650000e-01 7.835865e-12
-4.475000e-01 8.865938e-12
-1.850000e-01 5.467560e-11
-2.900000e-01 2.634237e-11
-2.725000e-01 2.982847e-11
-3.950000e-01 1.265554e-11
-3.250000e-01 2.071829e-11
-4.825000e-01 7.012935e-12
-3.075000e-01 2.342452e-11
-4.125000e-01 1.129086e-11
-2.550000e-01 3.359614e-11
-1.675000e-01 6.166380e-11
1.475000e-01 5.468871e-10
1.125000e-01 4.288494e-10
-1.500000e-01 6.935011e-11
-8.000000e-02 1.127158e-10
7.750000e-02 3.372326e-10
-3.425000e-01 1.844208e-11
2.500000e-02 2.343138e-10
-3.600000e-01 1.633959e-11
-1.150000e-01 8.874621e-11
-2.200000e-01 4.285155e-11
4.975000e-01 6.501023e-09
-4.500000e-02 1.436863e-10
4.625000e-01 5.037302e-09
-9.750000e-02 1.000373e-10
1.650000e-01 6.197822e-10
4.275000e-01 3.927717e-09
4.250000e-02 2.640614e-10
7.500000e-03 2.070998e-10
2.000000e-01 7.911162e-10
8.475000e-01 1.219373e-07
-1.000000e-02 1.831867e-10
2.700000e-01 1.287502e-09
1.825000e-01 6.983977e-10
7.775000e-01 6.122769e-08
8.125000e-01 8.592240e-08
-6.250000e-02 1.277870e-10
3.050000e-01 1.646765e-09
2.350000e-01 1.008746e-09
-1.325000e-01 7.855003e-11
3.925000e-01 3.058797e-09
-2.750000e-02 1.626823e-10
5.500000e-01 9.554662e-09
3.750000e-01 2.700470e-09
9.500000e-02 3.813651e-10
6.000000e-02 2.990613e-10
2.525000e-01 1.140121e-09
6.200000e-01 1.622512e-08
1.127500e+00 6.979542e-07
3.575000e-01 2.385062e-09
2.175000e-01 8.900807e-10
7.250000e-01 3.810558e-08
9.000000e-01 2.042926e-07
4.450000e-01 4.453436e-09
3.400000e-01 2.105928e-09
3.225000e-01 1.863432e-09
1.162500e+00 7.121482e-07
5.325000e-01 8.397625e-09
5.150000e-01 7.384234e-09
1.197500e+00 7.012035e-07
1.300000e-01 4.844643e-10
6.550000e-01 2.134631e-08
5.850000e-01 1.242454e-08
7.950000e-01 7.242263e-08
6.025000e-01 1.418371e-08
7.425000e-01 4.441859e-08
2.875000e-01 1.458507e-09
8.825000e-01 1.727081e-07
6.900000e-01 2.831264e-08
5.675000e-01 1.088541e-08
6.725000e-01 2.456052e-08
9.700000e-01 3.681832e-07
4.800000e-01 5.720598e-09
9.350000e-01 2.798076e-07
1.547500e+00 1.820337e-07
9.525000e-01 3.226813e-07
6.375000e-01 1.861342e-08
4.100000e-01 3.464632e-09
1.092500e+00 6.568915e-07
8.650000e-01 1.453774e-07
1.075000e+00 6.271566e-07
1.145000e+00 7.082403e-07
1.250000e+00 6.466852e-07
1.320000e+00 5.319107e-07
1.477500e+00 2.662158e-07
7.075000e-01 3.280399e-08
1.512500e+00 2.209135e-07
1.040000e+00 5.516493e-07
7.600000e-01 5.201142e-08
9.875000e-01 4.149923e-07
1.302500e+00 5.629256e-07
1.442500e+00 3.175262e-07
1.232500e+00 6.691447e-07
1.215000e+00 6.875924e-07
1.495000e+00 2.427258e-07
1.005000e+00 4.618275e-07
9.175000e-01 2.400711e-07
1.285000e+00 5.932385e-07
1.022500e+00 5.080721e-07
1.337500e+00 4.998480e-07
1.827500e+00 3.205347e-08
1.565000e+00 1.647625e-07
8.300000e-01 1.022626e-07
1.390000e+00 4.048346e-07
1.425000e+00 3.453808e-07
1.897500e+00 2.018151e-08
1.267500e+00 6.210179e-07
1.862500e+00 2.545223e-08
1.845000e+00 2.857385e-08
1.600000e+00 1.342149e-07
1.792500e+00 4.028371e-08
1.670000e+00 8.783304e-08
1.372500e+00 4.360601e-07
1.057500e+00 5.914398e-07
2.177500e+00 3.034146e-09
1.652500e+00 9.781095e-08
1.775000e+00 4.513832e-08
1.740000e+00 5.652995e-08
1.687500e+00 7.877529e-08
1.355000e+00 4.677620e-07
2.020000e+00 8.865818e-09
1.915000e+00 1.795293e-08
1.635000e+00 1.088741e-07
1.617500e+00 1.210040e-07
1.110000e+00 6.806639e-07
2.142500e+00 3.856798e-09
1.950000e+00 1.421465e-08
1.582500e+00 1.488434e-07
2.195000e+00 2.692013e-09
2.037500e+00 7.873285e-09
1.180000e+00 7.099787e-07
2.212500e+00 2.388137e-09
1.705000e+00 7.060237e-08
1.407500e+00 3.745399e-07
2.265000e+00 1.666984e-09
2.247500e+00 1.879884e-09
1.967500e+00 1.263094e-08
1.757500e+00 5.053233e-08
1.722500e+00 6.317256e-08
2.002500e+00 9.975019e-09
2.125000e+00 4.347655e-09
2.387500e+00 7.176489e-10
2.527500e+00 2.741832e-10
2.492500e+00 3.484794e-10
2.300000e+00 1.310907e-09
2.090000e+00 5.514543e-09
2.317500e+00 1.160938e-09
1.460000e+00 2.910213e-07
2.055000e+00 6.993467e-09
2.072500e+00 6.205936e-09
2.562500e+00 2.150325e-10
1.530000e+00 2.007803e-07
2.615000e+00 1.494185e-10
1.932500e+00 1.598254e-08
1.985000e+00 1.123849e-08
2.597500e+00 1.692956e-10
2.352500e+00 9.120952e-10
2.475000e+00 3.925907e-10
2.370000e+00 8.121454e-10
2.545000e+00 2.426057e-10
2.842500e+00 3.084366e-11
1.880000e+00 2.266739e-08
2.667500e+00 1.038420e-10
2.107500e+00 4.896091e-09
2.912500e+00 1.800060e-11
1.810000e+00 3.596078e-08
2.650000e+00 1.176754e-10
2.737500e+00 6.438847e-11
2.405000e+00 6.366859e-10
2.877500e+00 2.448201e-11
2.422500e+00 5.652597e-10
2.440000e+00 5.009993e-10
2.965000e+00 1.326990e-11
2.335000e+00 1.029409e-09
2.160000e+00 3.418418e-09
2.947500e+00 1.496925e-11
2.895000e+00 2.168600e-11
2.230000e+00 2.119299e-09
2.825000e+00 3.511006e-11
2.702500e+00 8.201431e-11
2.282500e+00 1.478749e-09
2.457500e+00 4.418155e-10
3.000000e+00 1.045234e-11
2.790000e+00 4.480119e-11
2.772500e+00 5.046837e-11
2.580000e+00 1.882470e-10
2.720000e+00 7.252205e-11
2.685000e+00 9.228322e-11
2.510000e+00 3.094715e-10
2.755000e+00 5.690408e-11
2.807500e+00 3.967883e-11
2.930000e+00 1.692271e-11
2.632500e+00 1.325266e-10
2.860000e+00 2.752558e-11
2.982500e+00 1.170911e-11
