-3.775000e-01 nan
-3.075000e-01 nan
-4.125000e-01 nan
-2.725000e-01 nan
-2.900000e-01 nan
-3.600000e-01 nan
-2.025000e-01 nan
-2.375000e-01 4.880004e-11
-1.675000e-01 7.976488e-11
-5.000000e-01 nan
-1.850000e-01 7.071398e-11
-4.300000e-01 6.007166e-12
-4.475000e-01 nan
-2.200000e-01 5.498081e-11
6.000000e-02 nan
-3.425000e-01 2.410268e-11
-3.250000e-01 nan
-2.550000e-01 nan
-2.750000e-02 nan
-4.825000e-01 nan
-4.650000e-01 nan
-6.250000e-02 nan
1.125000e-01 nan
4.250000e-02 3.416151e-10
-3.950000e-01 nan
-8.000000e-02 nan
7.750000e-02 nan
1.825000e-01 9.086929e-10
1.650000e-01 8.019355e-10
1.475000e-01 7.121319e-10
4.100000e-01 4.484992e-09
2.500000e-02 nan
-1.150000e-01 nan
-9.750000e-02 nan
1.300000e-01 6.292043e-10
-1.500000e-01 8.991926e-11
-1.000000e-02 nan
3.225000e-01 2.410339e-09
-4.500000e-02 1.870066e-10
4.975000e-01 8.376260e-09
3.925000e-01 3.959834e-09
7.500000e-03 nan
7.600000e-01 6.381995e-08
4.625000e-01 6.521177e-09
5.325000e-01 nan
2.875000e-01 1.887720e-09
2.700000e-01 1.668589e-09
2.350000e-01 1.303683e-09
4.275000e-01 5.077268e-09
4.800000e-01 7.395173e-09
6.725000e-01 3.107462e-08
-1.325000e-01 1.017965e-10
1.110000e+00 7.325062e-07
2.000000e-01 1.023929e-09
2.525000e-01 1.479463e-09
7.425000e-01 5.481080e-08
3.400000e-01 2.734275e-09
5.850000e-01 1.595025e-08
3.050000e-01 2.142460e-09
5.150000e-01 9.530379e-09
3.750000e-01 3.499626e-09
8.125000e-01 1.019415e-07
8.475000e-01 1.407351e-07
6.200000e-01 2.072746e-08
9.500000e-02 4.929330e-10
8.300000e-01 1.197391e-07
6.900000e-01 3.573471e-08
7.775000e-01 7.436946e-08
5.500000e-01 nan
6.025000e-01 nan
1.460000e+00 3.336767e-07
6.550000e-01 2.707245e-08
1.092500e+00 7.048388e-07
7.250000e-01 4.739714e-08
3.575000e-01 3.086926e-09
8.650000e-01 1.653443e-07
1.022500e+00 5.415569e-07
8.825000e-01 1.939296e-07
6.375000e-01 2.370045e-08
1.162500e+00 7.742922e-07
1.180000e+00 7.750183e-07
1.197500e+00 7.682987e-07
9.700000e-01 3.953160e-07
1.005000e+00 4.929510e-07
1.442500e+00 3.632560e-07
9.000000e-01 2.266732e-07
9.350000e-01 3.040681e-07
1.512500e+00 2.546450e-07
1.075000e+00 6.708437e-07
1.215000e+00 7.562941e-07
1.127500e+00 7.532137e-07
1.320000e+00 5.974387e-07
1.372500e+00 4.937883e-07
7.075000e-01 4.109073e-08
1.040000e+00 5.883483e-07
1.810000e+00 4.208961e-08
1.530000e+00 2.315104e-07
1.547500e+00 2.103169e-07
2.175000e-01 1.159649e-09
1.285000e+00 6.623326e-07
1.250000e+00 7.174259e-07
9.875000e-01 4.437650e-07
1.792500e+00 4.713741e-08
4.450000e-01 5.757940e-09
1.355000e+00 5.288326e-07
1.862500e+00 2.982156e-08
1.880000e+00 2.658945e-08
1.477500e+00 3.056591e-07
9.525000e-01 nan
1.232500e+00 7.389162e-07
1.425000e+00 3.942502e-07
1.565000e+00 1.905482e-07
1.057500e+00 6.319511e-07
1.670000e+00 1.023208e-07
5.675000e-01 1.398666e-08
7.950000e-01 8.690756e-08
1.897500e+00 2.366951e-08
9.175000e-01 2.634051e-07
2.142500e+00 4.529804e-09
1.390000e+00 4.602176e-07
1.775000e+00 5.283086e-08
1.337500e+00 5.633645e-07
1.705000e+00 8.236670e-08
1.582500e+00 1.724784e-07
1.827500e+00 3.753869e-08
1.267500e+00 6.912718e-07
1.722500e+00 7.376302e-08
1.635000e+00 1.265515e-07
1.915000e+00 2.106298e-08
1.740000e+00 6.599276e-08
2.230000e+00 2.491414e-09
1.302500e+00 6.307877e-07
2.020000e+00 1.040635e-08
2.212500e+00 2.811531e-09
2.125000e+00 5.105761e-09
1.145000e+00 7.674779e-07
1.600000e+00 1.558091e-07
2.160000e+00 4.018855e-09
1.687500e+00 nan
1.407500e+00 4.268245e-07
2.247500e+00 2.211815e-09
1.617500e+00 1.405228e-07
2.492500e+00 4.101156e-10
2.072500e+00 7.306573e-09
1.652500e+00 1.138293e-07
2.090000e+00 6.413994e-09
1.985000e+00 1.317973e-08
1.932500e+00 1.875742e-08
2.055000e+00 8.215106e-09
2.510000e+00 3.388295e-10
2.475000e+00 4.627360e-10
1.950000e+00 1.668601e-08
2.177500e+00 3.570676e-09
2.370000e+00 9.280246e-10
2.422500e+00 6.625139e-10
1.757500e+00 5.910491e-08
2.265000e+00 1.961884e-09
2.335000e+00 1.197319e-09
1.495000e+00 2.792953e-07
2.562500e+00 2.530483e-10
2.842500e+00 3.681653e-11
2.597500e+00 1.983152e-10
2.002500e+00 1.172430e-08
2.282500e+00 1.737726e-09
1.845000e+00 3.348386e-08
1.967500e+00 1.482867e-08
2.440000e+00 5.884659e-10
2.527500e+00 3.220881e-10
2.037500e+00 9.253911e-09
2.685000e+00 1.081293e-10
2.580000e+00 2.245764e-10
2.405000e+00 nan
2.720000e+00 8.566751e-11
2.615000e+00 1.761442e-10
2.825000e+00 4.133535e-11
2.912500e+00 2.235016e-11
2.947500e+00 1.717208e-11
2.860000e+00 3.244371e-11
2.772500e+00 5.930690e-11
2.107500e+00 5.754060e-09
2.317500e+00 1.366367e-09
2.300000e+00 1.540663e-09
2.352500e+00 1.072167e-09
2.877500e+00 1.769158e-11
2.632500e+00 1.557668e-10
2.755000e+00 6.645923e-11
2.965000e+00 1.223366e-11
2.790000e+00 5.258842e-11
2.930000e+00 2.003322e-11
2.667500e+00 1.221939e-10
2.387500e+00 8.438870e-10
2.457500e+00 5.228685e-10
2.702500e+00 9.676199e-11
2.195000e+00 3.158887e-09
2.982500e+00 1.326292e-11
2.650000e+00 1.383929e-10
2.807500e+00 4.634672e-11
2.545000e+00 2.857571e-10
2.737500e+00 7.432261e-11
3.000000e+00 1.208395e-11
2.895000e+00 2.547244e-11
