376.0 0.17805
358.0 0.179205
341.0 0.180359
327.0 0.181512
313.0 0.182663
301.0 0.183814
289.0 0.184963
278.0 0.18611
268.0 0.187257
259.0 0.188402
251.0 0.189546
242.0 0.190689
235.0 0.19183
228.0 0.19297
221.0 0.19411
215.0 0.195247
209.0 0.196384
203.0 0.197519
198.0 0.198653
193.0 0.199786
188.0 0.200918
183.0 0.202048
179.0 0.203177
175.0 0.204305
171.0 0.205432
167.0 0.206557
164.0 0.207682
160.0 0.208805
157.0 0.209926
154.0 0.211047
151.0 0.212166
148.0 0.213284
145.0 0.214401
142.0 0.215517
139.0 0.216632
137.0 0.217745
134.0 0.218857
132.0 0.219968
130.0 0.221077
128.0 0.222186
126.0 0.223293
123.0 0.224399
121.0 0.225504
120.0 0.226608
118.0 0.22771
116.0 0.228811
114.0 0.229911
112.0 0.23101
111.0 0.232108
109.0 0.233204
108.0 0.234299
106.0 0.235394
105.0 0.236486
103.0 0.237578
102.0 0.238669
101.0 0.239758
99.0 0.240846
98.0 0.241933
97.0 0.243019
95.0 0.244103
94.0 0.245187
93.0 0.246269
92.0 0.24735
91.0 0.24843
90.0 0.249509
89.0 0.250586
88.0 0.251663
87.0 0.252738
86.0 0.253812
85.0 0.254885
84.0 0.255956
83.0 0.257027
82.0 0.258096
81.0 0.259165
80.0 0.260232
79.0 0.26183
78.0 0.263426
77.0 0.264488
76.0 0.26608
75.0 0.267669
74.0 0.268727
73.0 0.270311
72.0 0.271893
71.0 0.273473
70.0 0.27505
69.0 0.276624
68.0 0.278196
67.0 0.279765
66.0 0.2818535
65.0 0.2839375
64.0 0.2860165
63.0 0.287573
62.0 0.2891275
61.0 0.291711666667
60.0 0.294289
59.0 0.2963465
58.0 0.2983985
57.0 0.3004465
56.0 0.303000333333
55.0 0.3055475
54.0 0.308087666667
53.0 0.311126666667
52.0 0.314156
51.0 0.317175333333
50.0 0.320184666667
49.0 0.323184666667
48.0 0.326175
47.0 0.32965075
46.0 0.333113666667
45.0 0.3365635
44.0 0.3404905
43.0 0.34440025
42.0 0.348293
41.0 0.352652
40.0 0.3574706
39.0 0.362263
38.0 0.3670294
37.0 0.372242166667
36.0 0.377893166667
35.0 0.383507333333
34.0 0.389547
33.0 0.396003428571
32.0 0.402409857143
31.0 0.409669555556
30.0 0.417313375
29.0 0.424882888889
28.0 0.4332564
27.0 0.442405090909
26.0 0.452296833333
25.0 0.46247625
24.0 0.473334928571
23.0 0.4848355
22.0 0.497323176471
21.0 0.511114722222
20.0 0.525323210526
19.0 0.540598272727
18.0 0.55747304
17.0 0.575307888889
16.0 0.59449115625
15.0 0.615710971429
14.0 0.639683390244
13.0 0.666343693878
12.0 0.696727660714
11.0 0.734883231884
10.0 0.783413975904
9.0 0.833940596154
8.0 0.881897522388
7.0 0.905157765363
6.0 1.226885344
5.0 2.04908072533
4.0 1.787129504
