376.0 0.05935
358.0 0.059735
341.0 0.06012
327.0 0.060504
313.0 0.060888
301.0 0.061271
289.0 0.061654
278.0 0.062037
268.0 0.062419
259.0 0.062801
251.0 0.063182
242.0 0.063563
235.0 0.063943
228.0 0.064323
221.0 0.064703
215.0 0.065082
209.0 0.065461
203.0 0.06584
198.0 0.066218
193.0 0.066595
188.0 0.066973
183.0 0.067349
179.0 0.067726
175.0 0.068102
171.0 0.068477
167.0 0.068852
164.0 0.069227
160.0 0.069602
157.0 0.069975
154.0 0.070349
151.0 0.070722
148.0 0.071095
145.0 0.071467
142.0 0.071839
139.0 0.072211
137.0 0.072582
134.0 0.072952
132.0 0.073323
130.0 0.073692
128.0 0.074062
126.0 0.074431
123.0 0.0748
121.0 0.075168
120.0 0.075536
118.0 0.075903
116.0 0.07627
114.0 0.076637
112.0 0.077003
111.0 0.077369
109.0 0.077735
108.0 0.0781
106.0 0.078465
105.0 0.078829
103.0 0.079193
102.0 0.079556
101.0 0.079919
99.0 0.080282
98.0 0.080644
97.0 0.081006
95.0 0.081368
94.0 0.081729
93.0 0.08209
92.0 0.08245
91.0 0.08281
90.0 0.08317
89.0 0.083529
88.0 0.083888
87.0 0.084246
86.0 0.084604
85.0 0.084962
84.0 0.085319
83.0 0.085676
82.0 0.086032
81.0 0.086388
80.0 0.086744
79.0 0.0872765
78.0 0.087809
77.0 0.088163
76.0 0.0886935
75.0 0.089223
74.0 0.089576
73.0 0.090104
72.0 0.090631
71.0 0.0911575
70.0 0.091683
69.0 0.092208
68.0 0.092732
67.0 0.093255
66.0 0.093951
65.0 0.0946455
64.0 0.095339
63.0 0.095858
62.0 0.0963755
61.0 0.097237
60.0 0.0980965
59.0 0.098782
58.0 0.099466
57.0 0.1001485
56.0 0.101
55.0 0.1018495
54.0 0.102696
53.0 0.103709
52.0 0.104719
51.0 0.105725
50.0 0.106728
49.0 0.107728
48.0 0.108725
47.0 0.10988375
46.0 0.111038
45.0 0.112188
44.0 0.11349675
43.0 0.11480025
42.0 0.11609775
41.0 0.1175508
40.0 0.1191568
39.0 0.1207544
38.0 0.122343
37.0 0.124080833333
36.0 0.125964333333
35.0 0.127835833333
34.0 0.129849
33.0 0.132001285714
32.0 0.134136428571
31.0 0.136556666667
30.0 0.139104375
29.0 0.141627666667
28.0 0.1444188
27.0 0.147468363636
26.0 0.150765666667
25.0 0.154158666667
24.0 0.157778214286
23.0 0.161611714286
22.0 0.165774411765
21.0 0.170371666667
20.0 0.175107736842
19.0 0.1801995
18.0 0.18582436
17.0 0.191769296296
16.0 0.19816371875
15.0 0.205237028571
14.0 0.213227780488
13.0 0.222114571429
12.0 0.232242535714
11.0 0.244961072464
10.0 0.261137987952
9.0 0.277980182692
8.0 0.293965828358
7.0 0.301719268156
6.0 0.408961796
5.0 0.683026906667
4.0 0.5957098
