376 0.059350
358 0.059735
341 0.060120
327 0.060504
313 0.060888
301 0.061271
289 0.061654
278 0.062037
268 0.062419
259 0.062801
251 0.063182
242 0.063563
235 0.063943
228 0.064323
221 0.064703
215 0.065082
209 0.065461
203 0.065840
198 0.066218
193 0.066595
188 0.066973
183 0.067349
179 0.067726
175 0.068102
171 0.068477
167 0.068852
164 0.069227
160 0.069602
157 0.069975
154 0.070349
151 0.070722
148 0.071095
145 0.071467
142 0.071839
139 0.072211
137 0.072582
134 0.072952
132 0.073323
130 0.073692
128 0.074062
126 0.074431
123 0.074800
121 0.075168
120 0.075536
118 0.075903
116 0.076270
114 0.076637
112 0.077003
111 0.077369
109 0.077735
108 0.078100
106 0.078465
105 0.078829
103 0.079193
102 0.079556
101 0.079919
99 0.080282
98 0.080644
97 0.081006
95 0.081368
94 0.081729
93 0.082090
92 0.082450
91 0.082810
90 0.083170
89 0.083529
88 0.083888
87 0.084246
86 0.084604
85 0.084962
84 0.085319
83 0.085676
82 0.086032
81 0.086388
80 0.086744
79 0.087099
79 0.087454
78 0.087809
77 0.088163
76 0.088517
76 0.088870
75 0.089223
74 0.089576
73 0.089928
73 0.090280
72 0.090631
71 0.090982
71 0.091333
70 0.091683
69 0.092033
69 0.092383
68 0.092732
67 0.093081
67 0.093429
66 0.093777
66 0.094125
65 0.094472
65 0.094819
64 0.095166
64 0.095512
63 0.095858
62 0.096203
62 0.096548
61 0.096893
61 0.097237
61 0.097581
60 0.097925
60 0.098268
59 0.098611
59 0.098953
58 0.099295
58 0.099637
57 0.099978
57 0.100319
56 0.100660
56 0.101000
56 0.101340
55 0.101680
55 0.102019
54 0.102358
54 0.102696
54 0.103034
53 0.103372
53 0.103709
53 0.104046
52 0.104383
52 0.104719
52 0.105055
51 0.105390
51 0.105725
51 0.106060
50 0.106394
50 0.106728
50 0.107062
49 0.107395
49 0.107728
49 0.108061
48 0.108393
48 0.108725
48 0.109057
47 0.109388
47 0.109719
47 0.110049
47 0.110379
46 0.110709
46 0.111038
46 0.111367
45 0.111696
45 0.112024
45 0.112352
45 0.112680
44 0.113007
44 0.113334
44 0.113660
44 0.113986
43 0.114312
43 0.114638
43 0.114963
43 0.115288
42 0.115612
42 0.115936
42 0.116260
42 0.116583
41 0.116906
41 0.117229
41 0.117551
41 0.117873
41 0.118195
40 0.118516
40 0.118837
40 0.119157
40 0.119477
40 0.119797
39 0.120117
39 0.120436
39 0.120755
39 0.121073
39 0.121391
38 0.121709
38 0.122026
38 0.122343
38 0.122660
38 0.122977
37 0.123293
37 0.123608
37 0.123924
37 0.124239
37 0.124553
37 0.124868
36 0.125182
36 0.125495
36 0.125808
36 0.126121
36 0.126434
36 0.126746
35 0.127058
35 0.127370
35 0.127681
35 0.127992
35 0.128302
35 0.128612
34 0.128922
34 0.129232
34 0.129541
34 0.129850
34 0.130158
34 0.130466
34 0.130774
33 0.131082
33 0.131389
33 0.131695
33 0.132002
33 0.132308
33 0.132614
33 0.132919
32 0.133224
32 0.133529
32 0.133833
32 0.134137
32 0.134441
32 0.134744
32 0.135047
31 0.135350
31 0.135653
31 0.135955
31 0.136256
31 0.136558
31 0.136859
31 0.137159
31 0.137460
31 0.137760
30 0.138059
30 0.138359
30 0.138658
30 0.138956
30 0.139254
30 0.139552
30 0.139850
30 0.140147
29 0.140444
29 0.140741
29 0.141037
29 0.141333
29 0.141629
29 0.141924
29 0.142219
29 0.142514
29 0.142808
28 0.143102
28 0.143395
28 0.143689
28 0.143981
28 0.144274
28 0.144566
28 0.144858
28 0.145150
28 0.145441
28 0.145732
27 0.146022
27 0.146313
27 0.146602
27 0.146892
27 0.147181
27 0.147470
27 0.147759
27 0.148047
27 0.148335
27 0.148622
27 0.148909
26 0.149196
26 0.149483
26 0.149769
26 0.150055
26 0.150340
26 0.150625
26 0.150910
26 0.151194
26 0.151479
26 0.151762
26 0.152046
26 0.152329
25 0.152612
25 0.152894
25 0.153176
25 0.153458
25 0.153739
25 0.154020
25 0.154301
25 0.154581
25 0.154861
25 0.155141
25 0.155421
25 0.155700
24 0.155978
24 0.156257
24 0.156534
24 0.156812
24 0.157089
24 0.157366
24 0.157643
24 0.157919
24 0.158195
24 0.158471
24 0.158746
24 0.159021
24 0.159295
24 0.159569
23 0.159843
23 0.160117
23 0.160390
23 0.160663
23 0.160935
23 0.161207
23 0.161479
23 0.161750
23 0.162021
23 0.162292
23 0.162562
23 0.162832
23 0.163102
23 0.163371
22 0.163640
22 0.163909
22 0.164177
22 0.164445
22 0.164712
22 0.164979
22 0.165246
22 0.165513
22 0.165779
22 0.166044
22 0.166310
22 0.166575
22 0.166839
22 0.167104
22 0.167368
22 0.167631
22 0.167894
21 0.168157
21 0.168420
21 0.168682
21 0.168944
21 0.169205
21 0.169466
21 0.169727
21 0.169987
21 0.170247
21 0.170506
21 0.170765
21 0.171024
21 0.171283
21 0.171541
21 0.171798
21 0.172056
21 0.172313
21 0.172569
20 0.172825
20 0.173081
20 0.173336
20 0.173591
20 0.173846
20 0.174100
20 0.174354
20 0.174608
20 0.174861
20 0.175114
20 0.175366
20 0.175618
20 0.175869
20 0.176121
20 0.176371
20 0.176622
20 0.176872
20 0.177121
20 0.177371
19 0.177619
19 0.177868
19 0.178116
19 0.178363
19 0.178611
19 0.178857
19 0.179104
19 0.179350
19 0.179595
19 0.179841
19 0.180085
19 0.180330
19 0.180574
19 0.180817
19 0.181061
19 0.181303
19 0.181546
19 0.181788
19 0.182029
19 0.182270
19 0.182511
19 0.182751
18 0.182991
18 0.183230
18 0.183469
18 0.183708
18 0.183946
18 0.184184
18 0.184421
18 0.184658
18 0.184894
18 0.185130
18 0.185366
18 0.185601
18 0.185836
18 0.186070
18 0.186304
18 0.186537
18 0.186770
18 0.187003
18 0.187235
18 0.187466
18 0.187697
18 0.187928
18 0.188159
18 0.188388
18 0.188618
17 0.188847
17 0.189075
17 0.189303
17 0.189531
17 0.189758
17 0.189985
17 0.190211
17 0.190437
17 0.190663
17 0.190887
17 0.191112
17 0.191336
17 0.191560
17 0.191783
17 0.192006
17 0.192228
17 0.192450
17 0.192671
17 0.192892
17 0.193112
17 0.193333
17 0.193552
17 0.193771
17 0.193990
17 0.194208
17 0.194426
17 0.194644
16 0.194861
16 0.195078
16 0.195294
16 0.195510
16 0.195725
16 0.195940
16 0.196155
16 0.196369
16 0.196583
16 0.196796
16 0.197009
16 0.197222
16 0.197435
16 0.197647
16 0.197859
16 0.198070
16 0.198281
16 0.198492
16 0.198703
16 0.198913
16 0.199123
16 0.199333
16 0.199543
16 0.199753
16 0.199962
16 0.200171
16 0.200380
16 0.200589
16 0.200798
16 0.201006
16 0.201215
16 0.201424
15 0.201632
15 0.201841
15 0.202050
15 0.202258
15 0.202467
15 0.202676
15 0.202885
15 0.203094
15 0.203303
15 0.203513
15 0.203722
15 0.203932
15 0.204142
15 0.204352
15 0.204563
15 0.204782
15 0.205001
15 0.205220
15 0.205438
15 0.205657
15 0.205874
15 0.206092
15 0.206309
15 0.206525
15 0.206742
15 0.206957
15 0.207173
15 0.207388
15 0.207603
15 0.207817
15 0.208031
15 0.208245
15 0.208458
15 0.208671
15 0.208883
14 0.209095
14 0.209307
14 0.209518
14 0.209729
14 0.209939
14 0.210149
14 0.210359
14 0.210568
14 0.210777
14 0.210986
14 0.211194
14 0.211401
14 0.211609
14 0.211816
14 0.212022
14 0.212228
14 0.212434
14 0.212639
14 0.212845
14 0.213049
14 0.213253
14 0.213457
14 0.213661
14 0.213864
14 0.214067
14 0.214269
14 0.214471
14 0.214673
14 0.214875
14 0.215076
14 0.215276
14 0.215477
14 0.215677
14 0.215877
14 0.216076
14 0.216275
14 0.216474
14 0.216672
14 0.216871
14 0.217068
14 0.217266
13 0.217463
13 0.217660
13 0.217857
13 0.218054
13 0.218250
13 0.218446
13 0.218641
13 0.218837
13 0.219032
13 0.219227
13 0.219422
13 0.219616
13 0.219810
13 0.220004
13 0.220198
13 0.220392
13 0.220585
13 0.220779
13 0.220972
13 0.221165
13 0.221357
13 0.221550
13 0.221743
13 0.221935
13 0.222127
13 0.222319
13 0.222511
13 0.222703
13 0.222895
13 0.223086
13 0.223278
13 0.223469
13 0.223661
13 0.223852
13 0.224043
13 0.224235
13 0.224426
13 0.224617
13 0.224808
13 0.224999
13 0.225190
13 0.225381
13 0.225572
13 0.225763
13 0.225954
13 0.226146
13 0.226337
13 0.226528
13 0.226719
12 0.226910
12 0.227102
12 0.227293
12 0.227485
12 0.227676
12 0.227868
12 0.228060
12 0.228251
12 0.228443
12 0.228635
12 0.228828
12 0.229020
12 0.229212
12 0.229405
12 0.229598
12 0.229790
12 0.229983
12 0.230177
12 0.230370
12 0.230563
12 0.230757
12 0.230951
12 0.231145
12 0.231339
12 0.231534
12 0.231728
12 0.231923
12 0.232118
12 0.232313
12 0.232509
12 0.232704
12 0.232900
12 0.233096
12 0.233292
12 0.233489
12 0.233686
12 0.233883
12 0.234080
12 0.234278
12 0.234475
12 0.234673
12 0.234872
12 0.235070
12 0.235269
12 0.235468
12 0.235667
12 0.235867
12 0.236067
12 0.236267
12 0.236467
12 0.236668
12 0.236869
12 0.237070
12 0.237271
12 0.237473
12 0.237675
11 0.237877
11 0.238080
11 0.238283
11 0.238486
11 0.238689
11 0.238893
11 0.239097
11 0.239301
11 0.239506
11 0.239711
11 0.239916
11 0.240121
11 0.240327
11 0.240533
11 0.240739
11 0.240945
11 0.241152
11 0.241359
11 0.241566
11 0.241774
11 0.241982
11 0.242190
11 0.242398
11 0.242607
11 0.242816
11 0.243025
11 0.243234
11 0.243444
11 0.243654
11 0.243864
11 0.244074
11 0.244285
11 0.244496
11 0.244707
11 0.244918
11 0.245129
11 0.245341
11 0.245553
11 0.245765
11 0.245978
11 0.246190
11 0.246403
11 0.246616
11 0.246829
11 0.247042
11 0.247256
11 0.247470
11 0.247683
11 0.247897
11 0.248112
11 0.248326
11 0.248540
11 0.248755
11 0.248970
11 0.249185
11 0.249400
11 0.249615
11 0.249831
11 0.250046
11 0.250262
11 0.250477
11 0.250693
11 0.250909
11 0.251125
11 0.251341
11 0.251557
11 0.251773
11 0.251990
11 0.252206
10 0.252422
10 0.252639
10 0.252855
10 0.253072
10 0.253288
10 0.253505
10 0.253722
10 0.253938
10 0.254155
10 0.254371
10 0.254588
10 0.254805
10 0.255021
10 0.255238
10 0.255454
10 0.255671
10 0.255887
10 0.256103
10 0.256320
10 0.256536
10 0.256752
10 0.256968
10 0.257184
10 0.257399
10 0.257615
10 0.257830
10 0.258045
10 0.258260
10 0.258475
10 0.258690
10 0.258904
10 0.259118
10 0.259332
10 0.259546
10 0.259759
10 0.259972
10 0.260185
10 0.260397
10 0.260609
10 0.260821
10 0.261032
10 0.261243
10 0.261454
10 0.261664
10 0.261874
10 0.262084
10 0.262293
10 0.262501
10 0.262710
10 0.262917
10 0.263125
10 0.263331
10 0.263538
10 0.263743
10 0.263949
10 0.264153
10 0.264358
10 0.264561
10 0.264764
10 0.264967
10 0.265169
10 0.265370
10 0.265571
10 0.265772
10 0.265971
10 0.266170
10 0.266369
10 0.266566
10 0.266764
10 0.266960
10 0.267156
10 0.267351
10 0.267546
10 0.267740
10 0.267933
10 0.268125
10 0.268317
10 0.268508
10 0.268699
10 0.268888
10 0.269077
10 0.269266
10 0.269453
9 0.269640
9 0.269826
9 0.270012
9 0.270196
9 0.270380
9 0.270564
9 0.270746
9 0.270928
9 0.271109
9 0.271289
9 0.271469
9 0.271648
9 0.271826
9 0.272003
9 0.272180
9 0.272356
9 0.272531
9 0.272705
9 0.272879
9 0.273051
9 0.273223
9 0.273395
9 0.273565
9 0.273735
9 0.273904
9 0.274073
9 0.274240
9 0.274407
9 0.274573
9 0.274738
9 0.274903
9 0.275067
9 0.275230
9 0.275392
9 0.275554
9 0.275715
9 0.275875
9 0.276034
9 0.276193
9 0.276351
9 0.276508
9 0.276665
9 0.276820
9 0.276976
9 0.277130
9 0.277284
9 0.277437
9 0.277589
9 0.277741
9 0.277892
9 0.278042
9 0.278191
9 0.278340
9 0.278489
9 0.278636
9 0.278783
9 0.278930
9 0.279075
9 0.279221
9 0.279365
9 0.279509
9 0.279652
9 0.279795
9 0.279937
9 0.280079
9 0.280220
9 0.280360
9 0.280500
9 0.280639
9 0.280778
9 0.280916
9 0.281054
9 0.281191
9 0.281328
9 0.281464
9 0.281600
9 0.281735
9 0.281870
9 0.282005
9 0.282139
9 0.282272
9 0.282405
9 0.282538
9 0.282670
9 0.282802
9 0.282934
9 0.283065
9 0.283196
9 0.283326
9 0.283456
9 0.283586
9 0.283716
9 0.283845
9 0.283974
9 0.284102
9 0.284230
9 0.284358
9 0.284486
9 0.284614
9 0.284741
9 0.284868
9 0.284995
9 0.285122
9 0.285248
8 0.285375
8 0.285501
8 0.285627
8 0.285753
8 0.285878
8 0.286004
8 0.286129
8 0.286255
8 0.286380
8 0.286506
8 0.286631
8 0.286756
8 0.286881
8 0.287006
8 0.287131
8 0.287256
8 0.287382
8 0.287507
8 0.287632
8 0.287757
8 0.287882
8 0.288008
8 0.288133
8 0.288259
8 0.288384
8 0.288510
8 0.288636
8 0.288762
8 0.288888
8 0.289014
8 0.289140
8 0.289267
8 0.289394
8 0.289520
8 0.289648
8 0.289775
8 0.289902
8 0.290030
8 0.290158
8 0.290286
8 0.290414
8 0.290543
8 0.290672
8 0.290801
8 0.290930
8 0.291060
8 0.291190
8 0.291320
8 0.291451
8 0.291581
8 0.291712
8 0.291844
8 0.291975
8 0.292107
8 0.292240
8 0.292372
8 0.292505
8 0.292639
8 0.292772
8 0.292906
8 0.293040
8 0.293175
8 0.293310
8 0.293445
8 0.293580
8 0.293716
8 0.293852
8 0.293989
8 0.294126
8 0.294263
8 0.294400
8 0.294538
8 0.294676
8 0.294815
8 0.294954
8 0.295093
8 0.295232
8 0.295371
8 0.295511
8 0.295651
8 0.295790
8 0.295930
8 0.296070
8 0.296210
8 0.296350
8 0.296490
8 0.296630
8 0.296769
8 0.296909
8 0.297048
8 0.297187
8 0.297325
8 0.297463
8 0.297600
8 0.297737
8 0.297874
8 0.298010
8 0.298145
8 0.298279
8 0.298413
8 0.298545
8 0.298677
8 0.298808
8 0.298938
8 0.299067
8 0.299195
8 0.299321
8 0.299447
8 0.299571
8 0.299693
8 0.299815
8 0.299935
8 0.300053
8 0.300170
8 0.300286
8 0.300400
8 0.300512
8 0.300622
8 0.300731
8 0.300838
8 0.300943
8 0.301046
8 0.301147
8 0.301247
8 0.301344
8 0.301439
8 0.301532
8 0.301624
8 0.301713
8 0.301799
8 0.301884
8 0.301966
8 0.302046
8 0.302124
7 0.302200
7 0.302273
7 0.302344
7 0.302412
7 0.302478
7 0.302542
7 0.302603
7 0.302662
7 0.302718
7 0.302772
7 0.302824
7 0.302873
7 0.302919
7 0.302963
7 0.303004
7 0.303043
7 0.303080
7 0.303114
7 0.303145
7 0.303174
7 0.303201
7 0.303225
7 0.303246
7 0.303265
7 0.303282
7 0.303296
7 0.303307
7 0.303317
7 0.303323
7 0.303328
7 0.303330
7 0.303330
7 0.303327
7 0.303322
7 0.303315
7 0.303305
7 0.303294
7 0.303280
7 0.303264
7 0.303245
7 0.303225
7 0.303203
7 0.303178
7 0.303152
7 0.303123
7 0.303093
7 0.303061
7 0.303026
7 0.302990
7 0.302953
7 0.302913
7 0.302872
7 0.302829
7 0.302785
7 0.302739
7 0.302692
7 0.302643
7 0.302593
7 0.302542
7 0.302489
7 0.302435
7 0.302380
7 0.302323
7 0.302266
7 0.302208
7 0.302148
7 0.302088
7 0.302027
7 0.301965
7 0.301903
7 0.301840
7 0.301776
7 0.301712
7 0.301647
7 0.301582
7 0.301517
7 0.301451
7 0.301385
7 0.301319
7 0.301253
7 0.301187
7 0.301122
7 0.301056
7 0.300990
7 0.300925
7 0.300860
7 0.300796
7 0.300732
7 0.300668
7 0.300605
7 0.300543
7 0.300482
7 0.300421
7 0.300362
7 0.300303
7 0.300246
7 0.300190
7 0.300135
7 0.300081
7 0.300028
7 0.299977
7 0.299928
7 0.299880
7 0.299834
7 0.299789
7 0.299746
7 0.299706
7 0.299667
7 0.299630
7 0.299595
7 0.299563
7 0.299532
7 0.299504
7 0.299479
7 0.299456
7 0.299435
7 0.299417
7 0.299402
7 0.299390
7 0.299380
7 0.299374
7 0.299370
7 0.299370
7 0.299372
7 0.299378
7 0.299387
7 0.299400
7 0.299415
7 0.299435
7 0.299458
7 0.299484
7 0.299515
7 0.299549
7 0.299587
7 0.299628
7 0.299674
7 0.299724
7 0.299778
7 0.299836
7 0.299898
7 0.299965
7 0.300036
7 0.300112
7 0.300192
7 0.300276
7 0.300365
7 0.300459
7 0.300558
7 0.300662
7 0.300770
7 0.300883
7 0.301001
7 0.301125
7 0.301253
7 0.301387
7 0.301526
7 0.301670
7 0.301819
7 0.301974
7 0.302134
7 0.302300
7 0.302472
7 0.302649
7 0.302831
7 0.303020
7 0.303214
7 0.303414
7 0.303619
7 0.303831
7 0.304049
7 0.304272
7 0.304502
7 0.304738
7 0.304980
7 0.305228
7 0.305482
7 0.305743
7 0.306010
7 0.306283
6 0.306563
6 0.306849
6 0.307141
6 0.307440
6 0.307746
6 0.308058
6 0.308377
6 0.308703
6 0.309035
6 0.309374
6 0.309719
6 0.310072
6 0.310431
6 0.310797
6 0.311170
6 0.311550
6 0.311937
6 0.312330
6 0.312731
6 0.313139
6 0.313553
6 0.313975
6 0.314404
6 0.314840
6 0.315283
6 0.315733
6 0.316191
6 0.316655
6 0.317127
6 0.317605
6 0.318092
6 0.318585
6 0.319085
6 0.319593
6 0.320108
6 0.320630
6 0.321160
6 0.321697
6 0.322241
6 0.322793
6 0.323351
6 0.323917
6 0.324491
6 0.325072
6 0.325660
6 0.326255
6 0.326858
6 0.327468
6 0.328085
6 0.328710
6 0.329342
6 0.329981
6 0.330628
6 0.331282
6 0.331943
6 0.332612
6 0.333288
6 0.333971
6 0.334661
6 0.335359
6 0.336064
6 0.336776
6 0.337495
6 0.338222
6 0.338956
6 0.339697
6 0.340445
6 0.341200
6 0.341963
6 0.342732
6 0.343509
6 0.344293
6 0.345084
6 0.345882
6 0.346687
6 0.347499
6 0.348318
6 0.349144
6 0.349976
6 0.350816
6 0.351663
6 0.352516
6 0.353377
6 0.354244
6 0.355118
6 0.355998
6 0.356886
6 0.357780
6 0.358680
6 0.359588
6 0.360502
6 0.361422
6 0.362349
6 0.363283
6 0.364223
6 0.365169
6 0.366122
6 0.367081
6 0.368046
6 0.369018
6 0.369996
6 0.370980
6 0.371970
6 0.372967
6 0.373969
6 0.374978
6 0.375992
6 0.377013
6 0.378039
6 0.379071
6 0.380109
6 0.381153
6 0.382203
6 0.383258
6 0.384319
6 0.385385
6 0.386457
6 0.387535
6 0.388618
6 0.389706
6 0.390800
6 0.391899
6 0.393003
6 0.394112
6 0.395227
6 0.396347
6 0.397471
6 0.398601
6 0.399736
6 0.400875
6 0.402020
6 0.403169
6 0.404323
6 0.405481
6 0.406644
6 0.407812
6 0.408984
6 0.410161
6 0.411343
6 0.412528
6 0.413718
6 0.414913
6 0.416111
6 0.417314
6 0.418522
6 0.419733
6 0.420948
6 0.422168
6 0.423392
6 0.424620
6 0.425851
6 0.427087
6 0.428327
6 0.429571
6 0.430818
6 0.432070
6 0.433325
6 0.434584
6 0.435847
6 0.437113
6 0.438383
6 0.439657
6 0.440935
6 0.442216
6 0.443501
6 0.444790
6 0.446082
6 0.447377
6 0.448676
6 0.449979
6 0.451284
6 0.452594
6 0.453906
6 0.455222
6 0.456542
6 0.457864
6 0.459190
6 0.460519
6 0.461851
6 0.463187
6 0.464525
6 0.465867
6 0.467212
6 0.468560
6 0.469911
6 0.471265
6 0.472622
6 0.473981
6 0.475344
6 0.476710
6 0.478078
6 0.479449
6 0.480823
6 0.482200
6 0.483579
6 0.484962
6 0.486346
6 0.487734
6 0.489124
6 0.490516
6 0.491911
6 0.493309
6 0.494708
6 0.496111
6 0.497515
6 0.498922
6 0.500331
6 0.501742
6 0.503156
6 0.504571
6 0.505989
6 0.507408
6 0.508830
6 0.510254
6 0.511679
6 0.513107
6 0.514536
6 0.515967
6 0.517399
6 0.518833
6 0.520269
6 0.521707
6 0.523146
6 0.524586
6 0.526028
6 0.527471
6 0.528916
6 0.530361
6 0.531808
6 0.533256
6 0.534706
6 0.536156
6 0.537607
6 0.539059
6 0.540512
6 0.541966
6 0.543421
6 0.544876
6 0.546332
6 0.547788
6 0.549245
6 0.550703
6 0.552161
6 0.553619
6 0.555078
6 0.556537
6 0.557996
6 0.559455
6 0.560914
6 0.562374
5 0.563833
5 0.565292
5 0.566751
5 0.568210
5 0.569668
5 0.571185
5 0.572698
5 0.574205
5 0.575706
5 0.577203
5 0.578693
5 0.580176
5 0.581653
5 0.583123
5 0.584585
5 0.586040
5 0.587487
5 0.588925
5 0.590355
5 0.591776
5 0.593187
5 0.594590
5 0.595983
5 0.597366
5 0.598739
5 0.600103
5 0.601456
5 0.602799
5 0.604131
5 0.605453
5 0.606765
5 0.608066
5 0.609356
5 0.610636
5 0.611905
5 0.613163
5 0.614411
5 0.615648
5 0.616875
5 0.618091
5 0.619297
5 0.620492
5 0.621677
5 0.622851
5 0.624016
5 0.625170
5 0.626314
5 0.627448
5 0.628572
5 0.629686
5 0.630790
5 0.631885
5 0.632970
5 0.634045
5 0.635111
5 0.636168
5 0.637216
5 0.638254
5 0.639284
5 0.640304
5 0.641315
5 0.642318
5 0.643312
5 0.644297
5 0.645274
5 0.646243
5 0.647203
5 0.648154
5 0.649098
5 0.650033
5 0.650961
5 0.651880
5 0.652791
5 0.653695
5 0.654591
5 0.655479
5 0.656360
5 0.657233
5 0.658098
5 0.658956
5 0.659807
5 0.660651
5 0.661487
5 0.662316
5 0.663138
5 0.663953
5 0.664761
5 0.665563
5 0.666357
5 0.667144
5 0.667925
5 0.668699
5 0.669466
5 0.670226
5 0.670980
5 0.671728
5 0.672469
5 0.673203
5 0.673931
5 0.674653
5 0.675368
5 0.676077
5 0.676779
5 0.677476
5 0.678166
5 0.678850
5 0.679528
5 0.680200
5 0.680866
5 0.681525
5 0.682179
5 0.682827
5 0.683468
5 0.684104
5 0.684734
5 0.685358
5 0.685976
5 0.686589
5 0.687195
5 0.687796
5 0.688391
5 0.688980
5 0.689563
5 0.690141
5 0.690713
5 0.691280
5 0.691840
5 0.692395
5 0.692945
5 0.693489
5 0.694027
5 0.694560
5 0.695087
5 0.695609
5 0.696125
5 0.696635
5 0.697140
5 0.697640
5 0.698134
5 0.698623
5 0.699106
5 0.699584
5 0.700056
5 0.700523
5 0.700984
5 0.701440
5 0.701891
5 0.702336
5 0.702776
5 0.703211
5 0.703640
5 0.704064
5 0.704482
5 0.704895
5 0.705303
5 0.705706
5 0.706103
5 0.706495
5 0.706881
5 0.707262
5 0.707638
5 0.708009
5 0.708374
5 0.708734
5 0.709089
5 0.709438
5 0.709782
5 0.710121
5 0.710455
5 0.710783
5 0.711106
5 0.711424
5 0.711736
5 0.712044
5 0.712346
5 0.712642
5 0.712934
5 0.713220
5 0.713501
5 0.713777
5 0.714047
5 0.714312
5 0.714572
5 0.714827
5 0.715076
5 0.715321
5 0.715560
5 0.715793
5 0.716022
5 0.716245
5 0.716463
5 0.716675
5 0.716883
5 0.717085
5 0.717282
5 0.717474
5 0.717660
5 0.717841
5 0.718017
5 0.718187
5 0.718353
5 0.718513
5 0.718668
5 0.718817
5 0.718961
5 0.719100
5 0.719234
5 0.719362
5 0.719486
5 0.719603
5 0.719716
5 0.719823
5 0.719925
5 0.720022
5 0.720113
5 0.720199
5 0.720280
5 0.720356
5 0.720426
5 0.720491
5 0.720550
5 0.720604
5 0.720653
5 0.720697
5 0.720735
5 0.720768
5 0.720796
5 0.720818
5 0.720835
5 0.720846
5 0.720852
5 0.720853
5 0.720849
5 0.720839
5 0.720824
5 0.720803
5 0.720777
5 0.720746
5 0.720709
5 0.720667
5 0.720619
5 0.720566
5 0.720508
5 0.720444
5 0.720375
5 0.720301
5 0.720221
5 0.720135
5 0.720044
5 0.719948
5 0.719846
5 0.719739
5 0.719627
5 0.719509
5 0.719385
5 0.719256
5 0.719122
5 0.718982
5 0.718837
5 0.718686
5 0.718530
5 0.718368
5 0.718201
5 0.718028
5 0.717850
5 0.717666
5 0.717477
5 0.717282
5 0.717082
5 0.716876
5 0.716665
5 0.716448
5 0.716226
5 0.715998
5 0.715764
5 0.715525
5 0.715281
5 0.715031
5 0.714775
5 0.714514
5 0.714247
5 0.713974
5 0.713696
5 0.713413
5 0.713123
5 0.712829
5 0.712528
5 0.712222
5 0.711911
5 0.711593
5 0.711270
5 0.710942
5 0.710608
5 0.710268
5 0.709922
5 0.709571
5 0.709215
5 0.708852
5 0.708484
5 0.708110
5 0.707731
5 0.707346
5 0.706955
5 0.706558
5 0.706156
5 0.705748
5 0.705335
5 0.704915
5 0.704490
5 0.704060
5 0.703623
5 0.703181
5 0.702733
5 0.702279
5 0.701820
5 0.701354
5 0.700883
5 0.700407
5 0.699924
5 0.699436
5 0.698942
5 0.698442
5 0.697936
5 0.697425
5 0.696908
5 0.696384
5 0.695856
5 0.695321
5 0.694780
5 0.694234
5 0.693682
5 0.693124
5 0.692560
5 0.691990
5 0.691415
5 0.690833
5 0.690246
5 0.689653
5 0.689054
5 0.688449
5 0.687838
5 0.687221
5 0.686599
5 0.685970
5 0.685336
5 0.684696
5 0.684049
5 0.683397
5 0.682739
5 0.682075
5 0.681405
5 0.680729
5 0.680048
5 0.679360
5 0.678666
5 0.677966
5 0.677261
5 0.676549
5 0.675831
5 0.675108
5 0.674378
5 0.673643
5 0.672901
5 0.672153
5 0.671400
5 0.670640
5 0.669875
5 0.669103
5 0.668325
5 0.667541
5 0.666752
5 0.665956
5 0.665154
5 0.664346
5 0.663532
4 0.662712
4 0.661886
4 0.661054
4 0.660215
4 0.659371
4 0.658520
4 0.657664
4 0.656801
4 0.655932
4 0.655058
4 0.654177
4 0.653289
4 0.652396
4 0.651497
4 0.650591
4 0.649679
4 0.648762
4 0.647838
4 0.646907
4 0.645971
4 0.645029
4 0.644080
4 0.643125
4 0.642164
4 0.641197
4 0.640224
4 0.639244
4 0.638258
4 0.637266
4 0.636268
4 0.635264
4 0.634253
4 0.633236
4 0.632213
4 0.631184
4 0.630149
4 0.629107
4 0.628059
4 0.627005
4 0.625944
4 0.624878
4 0.623805
4 0.622726
4 0.621640
4 0.620548
4 0.619451
4 0.618346
4 0.617236
4 0.616119
4 0.614996
4 0.613866
4 0.612731
4 0.611589
4 0.610441
4 0.609286
4 0.608125
4 0.606958
4 0.605785
4 0.604605
4 0.603419
4 0.602226
4 0.601028
4 0.599823
4 0.598611
4 0.597394
4 0.596170
4 0.594939
4 0.593703
4 0.592460
4 0.591210
4 0.589955
4 0.588693
4 0.587424
4 0.586149
4 0.584868
4 0.583581
4 0.582287
4 0.580987
4 0.579680
4 0.578367
4 0.577048
4 0.575722
4 0.574390
4 0.573052
4 0.571707
4 0.570356
4 0.568999
4 0.567635
4 0.566264
4 0.564888
4 0.563505
4 0.562115
4 0.560719
4 0.559317
4 0.557908
4 0.556493
4 0.555072
4 0.553644
4 0.552209
4 0.550769
4 0.549322
4 0.547868
4 0.546408
4 0.544942
4 0.543469
4 0.541990
4 0.540504
4 0.539012
4 0.537514
4 0.536009
4 0.534498
4 0.532980
4 0.531456
4 0.529925
4 0.528388
4 0.526845
4 0.525295
4 0.523739
4 0.522176
4 0.520607
4 0.519031
4 0.517449
4 0.515861
4 0.514266
4 0.512665
