376 0.178050
358 0.179205
341 0.180359
327 0.181512
313 0.182663
301 0.183814
289 0.184963
278 0.186110
268 0.187257
259 0.188402
251 0.189546
242 0.190689
235 0.191830
228 0.192970
221 0.194110
215 0.195247
209 0.196384
203 0.197519
198 0.198653
193 0.199786
188 0.200918
183 0.202048
179 0.203177
175 0.204305
171 0.205432
167 0.206557
164 0.207682
160 0.208805
157 0.209926
154 0.211047
151 0.212166
148 0.213284
145 0.214401
142 0.215517
139 0.216632
137 0.217745
134 0.218857
132 0.219968
130 0.221077
128 0.222186
126 0.223293
123 0.224399
121 0.225504
120 0.226608
118 0.227710
116 0.228811
114 0.229911
112 0.231010
111 0.232108
109 0.233204
108 0.234299
106 0.235394
105 0.236486
103 0.237578
102 0.238669
101 0.239758
99 0.240846
98 0.241933
97 0.243019
95 0.244103
94 0.245187
93 0.246269
92 0.247350
91 0.248430
90 0.249509
89 0.250586
88 0.251663
87 0.252738
86 0.253812
85 0.254885
84 0.255956
83 0.257027
82 0.258096
81 0.259165
80 0.260232
79 0.261298
79 0.262362
78 0.263426
77 0.264488
76 0.265550
76 0.266610
75 0.267669
74 0.268727
73 0.269783
73 0.270839
72 0.271893
71 0.272947
71 0.273999
70 0.275050
69 0.276100
69 0.277148
68 0.278196
67 0.279242
67 0.280288
66 0.281332
66 0.282375
65 0.283417
65 0.284458
64 0.285497
64 0.286536
63 0.287573
62 0.288610
62 0.289645
61 0.290679
61 0.291712
61 0.292744
60 0.293774
60 0.294804
59 0.295833
59 0.296860
58 0.297886
58 0.298911
57 0.299935
57 0.300958
56 0.301980
56 0.303001
56 0.304020
55 0.305039
55 0.306056
54 0.307073
54 0.308088
54 0.309102
53 0.310115
53 0.311127
53 0.312138
52 0.313148
52 0.314156
52 0.315164
51 0.316170
51 0.317176
51 0.318180
50 0.319183
50 0.320185
50 0.321186
49 0.322186
49 0.323185
49 0.324183
48 0.325180
48 0.326175
48 0.327170
47 0.328163
47 0.329156
47 0.330147
47 0.331137
46 0.332126
46 0.333114
46 0.334101
45 0.335087
45 0.336072
45 0.337056
45 0.338039
44 0.339021
44 0.340001
44 0.340981
44 0.341959
43 0.342937
43 0.343913
43 0.344888
43 0.345863
42 0.346836
42 0.347808
42 0.348779
42 0.349749
41 0.350718
41 0.351686
41 0.352653
41 0.353619
41 0.354584
40 0.355547
40 0.356510
40 0.357472
40 0.358432
40 0.359392
39 0.360350
39 0.361308
39 0.362264
39 0.363219
39 0.364174
38 0.365127
38 0.366079
38 0.367030
38 0.367981
38 0.368930
37 0.369878
37 0.370825
37 0.371771
37 0.372716
37 0.373660
37 0.374603
36 0.375545
36 0.376485
36 0.377425
36 0.378364
36 0.379302
36 0.380238
35 0.381174
35 0.382109
35 0.383042
35 0.383975
35 0.384907
35 0.385837
34 0.386767
34 0.387695
34 0.388623
34 0.389549
34 0.390474
34 0.391399
34 0.392322
33 0.393245
33 0.394166
33 0.395086
33 0.396005
33 0.396924
33 0.397841
33 0.398757
32 0.399672
32 0.400587
32 0.401500
32 0.402412
32 0.403323
32 0.404233
32 0.405142
31 0.406050
31 0.406958
31 0.407864
31 0.408769
31 0.409673
31 0.410576
31 0.411478
31 0.412379
31 0.413279
30 0.414178
30 0.415076
30 0.415973
30 0.416868
30 0.417763
30 0.418657
30 0.419550
30 0.420442
29 0.421333
29 0.422223
29 0.423112
29 0.423999
29 0.424886
29 0.425772
29 0.426657
29 0.427541
29 0.428423
28 0.429305
28 0.430186
28 0.431066
28 0.431944
28 0.432822
28 0.433699
28 0.434574
28 0.435449
28 0.436323
28 0.437196
27 0.438067
27 0.438938
27 0.439807
27 0.440676
27 0.441544
27 0.442410
27 0.443276
27 0.444140
27 0.445004
27 0.445866
27 0.446728
26 0.447588
26 0.448448
26 0.449306
26 0.450164
26 0.451020
26 0.451876
26 0.452730
26 0.453583
26 0.454436
26 0.455287
26 0.456137
26 0.456987
25 0.457835
25 0.458682
25 0.459529
25 0.460374
25 0.461218
25 0.462061
25 0.462903
25 0.463744
25 0.464584
25 0.465424
25 0.466262
25 0.467099
24 0.467935
24 0.468770
24 0.469603
24 0.470436
24 0.471268
24 0.472099
24 0.472929
24 0.473758
24 0.474585
24 0.475412
24 0.476238
24 0.477062
24 0.477886
24 0.478708
23 0.479530
23 0.480350
23 0.481170
23 0.481988
23 0.482805
23 0.483622
23 0.484437
23 0.485251
23 0.486064
23 0.486876
23 0.487687
23 0.488497
23 0.489306
23 0.490114
22 0.490920
22 0.491726
22 0.492531
22 0.493334
22 0.494137
22 0.494938
22 0.495739
22 0.496538
22 0.497336
22 0.498133
22 0.498929
22 0.499724
22 0.500518
22 0.501311
22 0.502103
22 0.502894
22 0.503683
21 0.504472
21 0.505259
21 0.506045
21 0.506831
21 0.507615
21 0.508398
21 0.509180
21 0.509960
21 0.510740
21 0.511519
21 0.512296
21 0.513073
21 0.513848
21 0.514622
21 0.515395
21 0.516167
21 0.516938
21 0.517707
20 0.518476
20 0.519243
20 0.520009
20 0.520774
20 0.521538
20 0.522301
20 0.523063
20 0.523823
20 0.524582
20 0.525341
20 0.526098
20 0.526853
20 0.527608
20 0.528362
20 0.529114
20 0.529865
20 0.530615
20 0.531364
20 0.532112
19 0.532858
19 0.533603
19 0.534347
19 0.535090
19 0.535832
19 0.536572
19 0.537311
19 0.538049
19 0.538786
19 0.539522
19 0.540256
19 0.540989
19 0.541721
19 0.542452
19 0.543182
19 0.543910
19 0.544637
19 0.545363
19 0.546087
19 0.546810
19 0.547532
19 0.548253
18 0.548973
18 0.549691
18 0.550408
18 0.551123
18 0.551838
18 0.552551
18 0.553263
18 0.553973
18 0.554683
18 0.555391
18 0.556097
18 0.556803
18 0.557507
18 0.558210
18 0.558911
18 0.559611
18 0.560310
18 0.561008
18 0.561704
18 0.562399
18 0.563092
18 0.563785
18 0.564476
18 0.565165
18 0.565854
17 0.566540
17 0.567226
17 0.567910
17 0.568593
17 0.569275
17 0.569955
17 0.570634
17 0.571311
17 0.571988
17 0.572662
17 0.573336
17 0.574008
17 0.574679
17 0.575348
17 0.576017
17 0.576683
17 0.577349
17 0.578013
17 0.578676
17 0.579337
17 0.579998
17 0.580656
17 0.581314
17 0.581970
17 0.582625
17 0.583279
17 0.583931
16 0.584583
16 0.585233
16 0.585881
16 0.586529
16 0.587175
16 0.587820
16 0.588464
16 0.589107
16 0.589748
16 0.590389
16 0.591028
16 0.591667
16 0.592304
16 0.592941
16 0.593576
16 0.594211
16 0.594844
16 0.595477
16 0.596109
16 0.596740
16 0.597370
16 0.598000
16 0.598629
16 0.599258
16 0.599886
16 0.600513
16 0.601140
16 0.601767
16 0.602393
16 0.603019
16 0.603645
16 0.604271
15 0.604897
15 0.605523
15 0.606149
15 0.606775
15 0.607401
15 0.608027
15 0.608654
15 0.609282
15 0.609909
15 0.610538
15 0.611166
15 0.611796
15 0.612426
15 0.613056
15 0.613688
15 0.614346
15 0.615004
15 0.615660
15 0.616315
15 0.616970
15 0.617623
15 0.618275
15 0.618926
15 0.619576
15 0.620225
15 0.620872
15 0.621519
15 0.622164
15 0.622808
15 0.623452
15 0.624093
15 0.624734
15 0.625374
15 0.626012
15 0.626649
14 0.627285
14 0.627920
14 0.628554
14 0.629186
14 0.629818
14 0.630448
14 0.631077
14 0.631705
14 0.632331
14 0.632957
14 0.633581
14 0.634204
14 0.634826
14 0.635447
14 0.636066
14 0.636685
14 0.637302
14 0.637918
14 0.638534
14 0.639147
14 0.639760
14 0.640372
14 0.640983
14 0.641592
14 0.642201
14 0.642808
14 0.643414
14 0.644020
14 0.644624
14 0.645227
14 0.645829
14 0.646430
14 0.647031
14 0.647630
14 0.648228
14 0.648825
14 0.649422
14 0.650017
14 0.650612
14 0.651205
14 0.651798
13 0.652390
13 0.652981
13 0.653571
13 0.654161
13 0.654749
13 0.655337
13 0.655924
13 0.656510
13 0.657096
13 0.657681
13 0.658265
13 0.658848
13 0.659431
13 0.660013
13 0.660595
13 0.661176
13 0.661756
13 0.662336
13 0.662915
13 0.663494
13 0.664072
13 0.664650
13 0.665228
13 0.665805
13 0.666381
13 0.666957
13 0.667533
13 0.668109
13 0.668684
13 0.669259
13 0.669833
13 0.670408
13 0.670982
13 0.671556
13 0.672130
13 0.672704
13 0.673277
13 0.673851
13 0.674424
13 0.674997
13 0.675570
13 0.676144
13 0.676717
13 0.677290
13 0.677863
13 0.678437
13 0.679010
13 0.679584
13 0.680157
12 0.680731
12 0.681305
12 0.681880
12 0.682454
12 0.683029
12 0.683604
12 0.684179
12 0.684754
12 0.685330
12 0.685906
12 0.686483
12 0.687060
12 0.687637
12 0.688215
12 0.688793
12 0.689371
12 0.689950
12 0.690530
12 0.691110
12 0.691690
12 0.692271
12 0.692853
12 0.693435
12 0.694018
12 0.694601
12 0.695185
12 0.695769
12 0.696354
12 0.696940
12 0.697526
12 0.698113
12 0.698700
12 0.699289
12 0.699877
12 0.700467
12 0.701057
12 0.701649
12 0.702240
12 0.702833
12 0.703426
12 0.704020
12 0.704615
12 0.705210
12 0.705807
12 0.706404
12 0.707002
12 0.707600
12 0.708200
12 0.708800
12 0.709401
12 0.710003
12 0.710606
12 0.711209
12 0.711814
12 0.712419
12 0.713025
11 0.713632
11 0.714240
11 0.714848
11 0.715458
11 0.716068
11 0.716679
11 0.717291
11 0.717904
11 0.718518
11 0.719132
11 0.719747
11 0.720363
11 0.720980
11 0.721598
11 0.722217
11 0.722836
11 0.723457
11 0.724078
11 0.724699
11 0.725322
11 0.725946
11 0.726570
11 0.727195
11 0.727821
11 0.728447
11 0.729075
11 0.729703
11 0.730332
11 0.730961
11 0.731592
11 0.732223
11 0.732854
11 0.733487
11 0.734120
11 0.734754
11 0.735388
11 0.736023
11 0.736659
11 0.737296
11 0.737933
11 0.738570
11 0.739209
11 0.739847
11 0.740487
11 0.741127
11 0.741767
11 0.742409
11 0.743050
11 0.743692
11 0.744335
11 0.744978
11 0.745621
11 0.746265
11 0.746910
11 0.747555
11 0.748200
11 0.748846
11 0.749492
11 0.750138
11 0.750785
11 0.751432
11 0.752079
11 0.752727
11 0.753375
11 0.754023
11 0.754671
11 0.755320
11 0.755969
11 0.756618
10 0.757267
10 0.757916
10 0.758566
10 0.759215
10 0.759865
10 0.760515
10 0.761165
10 0.761814
10 0.762464
10 0.763114
10 0.763764
10 0.764414
10 0.765064
10 0.765713
10 0.766363
10 0.767012
10 0.767661
10 0.768310
10 0.768959
10 0.769608
10 0.770256
10 0.770903
10 0.771551
10 0.772198
10 0.772844
10 0.773490
10 0.774136
10 0.774781
10 0.775425
10 0.776069
10 0.776712
10 0.777354
10 0.777996
10 0.778637
10 0.779277
10 0.779916
10 0.780554
10 0.781191
10 0.781827
10 0.782463
10 0.783097
10 0.783730
10 0.784362
10 0.784993
10 0.785623
10 0.786251
10 0.786878
10 0.787504
10 0.788129
10 0.788752
10 0.789374
10 0.789994
10 0.790613
10 0.791230
10 0.791846
10 0.792460
10 0.793073
10 0.793684
10 0.794293
10 0.794901
10 0.795507
10 0.796111
10 0.796714
10 0.797315
10 0.797914
10 0.798511
10 0.799106
10 0.799699
10 0.800291
10 0.800880
10 0.801468
10 0.802053
10 0.802637
10 0.803219
10 0.803798
10 0.804376
10 0.804951
10 0.805524
10 0.806096
10 0.806665
10 0.807232
10 0.807797
10 0.808360
9 0.808921
9 0.809479
9 0.810035
9 0.810589
9 0.811141
9 0.811691
9 0.812239
9 0.812784
9 0.813327
9 0.813868
9 0.814407
9 0.814943
9 0.815478
9 0.816010
9 0.816539
9 0.817067
9 0.817592
9 0.818115
9 0.818636
9 0.819154
9 0.819670
9 0.820184
9 0.820696
9 0.821205
9 0.821713
9 0.822218
9 0.822720
9 0.823221
9 0.823719
9 0.824215
9 0.824709
9 0.825200
9 0.825689
9 0.826176
9 0.826661
9 0.827144
9 0.827624
9 0.828103
9 0.828579
9 0.829053
9 0.829524
9 0.829994
9 0.830461
9 0.830927
9 0.831390
9 0.831851
9 0.832310
9 0.832767
9 0.833222
9 0.833675
9 0.834126
9 0.834574
9 0.835021
9 0.835466
9 0.835909
9 0.836350
9 0.836789
9 0.837226
9 0.837662
9 0.838095
9 0.838527
9 0.838957
9 0.839385
9 0.839811
9 0.840236
9 0.840659
9 0.841080
9 0.841500
9 0.841918
9 0.842334
9 0.842749
9 0.843162
9 0.843574
9 0.843984
9 0.844393
9 0.844800
9 0.845206
9 0.845611
9 0.846014
9 0.846416
9 0.846817
9 0.847216
9 0.847614
9 0.848011
9 0.848407
9 0.848802
9 0.849195
9 0.849587
9 0.849979
9 0.850369
9 0.850758
9 0.851147
9 0.851534
9 0.851921
9 0.852307
9 0.852691
9 0.853075
9 0.853459
9 0.853841
9 0.854223
9 0.854605
9 0.854985
9 0.855365
9 0.855745
8 0.856124
8 0.856502
8 0.856880
8 0.857258
8 0.857635
8 0.858012
8 0.858388
8 0.858765
8 0.859141
8 0.859517
8 0.859892
8 0.860268
8 0.860643
8 0.861019
8 0.861394
8 0.861769
8 0.862145
8 0.862520
8 0.862896
8 0.863271
8 0.863647
8 0.864023
8 0.864400
8 0.864776
8 0.865153
8 0.865530
8 0.865907
8 0.866285
8 0.866663
8 0.867042
8 0.867421
8 0.867801
8 0.868181
8 0.868561
8 0.868943
8 0.869324
8 0.869707
8 0.870090
8 0.870474
8 0.870858
8 0.871243
8 0.871629
8 0.872015
8 0.872403
8 0.872791
8 0.873180
8 0.873570
8 0.873960
8 0.874352
8 0.874744
8 0.875137
8 0.875531
8 0.875926
8 0.876322
8 0.876719
8 0.877117
8 0.877516
8 0.877916
8 0.878316
8 0.878718
8 0.879121
8 0.879524
8 0.879929
8 0.880334
8 0.880741
8 0.881148
8 0.881557
8 0.881967
8 0.882377
8 0.882789
8 0.883201
8 0.883615
8 0.884029
8 0.884445
8 0.884861
8 0.885278
8 0.885695
8 0.886114
8 0.886533
8 0.886952
8 0.887371
8 0.887791
8 0.888211
8 0.888631
8 0.889051
8 0.889470
8 0.889890
8 0.890308
8 0.890726
8 0.891144
8 0.891560
8 0.891975
8 0.892389
8 0.892801
8 0.893212
8 0.893621
8 0.894029
8 0.894434
8 0.894837
8 0.895238
8 0.895636
8 0.896032
8 0.896424
8 0.896814
8 0.897201
8 0.897584
8 0.897964
8 0.898340
8 0.898712
8 0.899080
8 0.899445
8 0.899805
8 0.900160
8 0.900511
8 0.900857
8 0.901199
8 0.901535
8 0.901867
8 0.902193
8 0.902514
8 0.902829
8 0.903138
8 0.903442
8 0.903740
8 0.904032
8 0.904318
8 0.904597
8 0.904871
8 0.905138
8 0.905398
8 0.905652
8 0.905899
8 0.906139
8 0.906373
7 0.906599
7 0.906819
7 0.907031
7 0.907237
7 0.907435
7 0.907626
7 0.907809
7 0.907986
7 0.908155
7 0.908317
7 0.908471
7 0.908618
7 0.908757
7 0.908889
7 0.909013
7 0.909130
7 0.909239
7 0.909341
7 0.909436
7 0.909522
7 0.909602
7 0.909674
7 0.909738
7 0.909795
7 0.909845
7 0.909887
7 0.909922
7 0.909950
7 0.909970
7 0.909983
7 0.909990
7 0.909989
7 0.909981
7 0.909966
7 0.909944
7 0.909916
7 0.909881
7 0.909839
7 0.909791
7 0.909736
7 0.909675
7 0.909608
7 0.909534
7 0.909455
7 0.909370
7 0.909278
7 0.909182
7 0.909079
7 0.908971
7 0.908858
7 0.908740
7 0.908617
7 0.908488
7 0.908355
7 0.908218
7 0.908076
7 0.907930
7 0.907779
7 0.907625
7 0.907466
7 0.907304
7 0.907139
7 0.906970
7 0.906798
7 0.906623
7 0.906445
7 0.906264
7 0.906081
7 0.905896
7 0.905709
7 0.905519
7 0.905328
7 0.905136
7 0.904942
7 0.904747
7 0.904551
7 0.904354
7 0.904156
7 0.903958
7 0.903760
7 0.903562
7 0.903365
7 0.903167
7 0.902971
7 0.902775
7 0.902580
7 0.902387
7 0.902195
7 0.902004
7 0.901816
7 0.901630
7 0.901446
7 0.901264
7 0.901086
7 0.900910
7 0.900738
7 0.900569
7 0.900404
7 0.900242
7 0.900085
7 0.899932
7 0.899783
7 0.899639
7 0.899501
7 0.899367
7 0.899239
7 0.899117
7 0.899000
7 0.898889
7 0.898785
7 0.898688
7 0.898597
7 0.898513
7 0.898437
7 0.898367
7 0.898306
7 0.898252
7 0.898207
7 0.898170
7 0.898141
7 0.898121
7 0.898110
7 0.898109
7 0.898117
7 0.898134
7 0.898161
7 0.898199
7 0.898246
7 0.898304
7 0.898373
7 0.898453
7 0.898544
7 0.898646
7 0.898760
7 0.898885
7 0.899022
7 0.899172
7 0.899334
7 0.899508
7 0.899695
7 0.899895
7 0.900109
7 0.900335
7 0.900575
7 0.900829
7 0.901096
7 0.901378
7 0.901674
7 0.901985
7 0.902310
7 0.902649
7 0.903004
7 0.903374
7 0.903760
7 0.904160
7 0.904577
7 0.905009
7 0.905458
7 0.905922
7 0.906403
7 0.906901
7 0.907415
7 0.907946
7 0.908494
7 0.909059
7 0.909641
7 0.910241
7 0.910858
7 0.911493
7 0.912146
7 0.912817
7 0.913506
7 0.914213
7 0.914939
7 0.915684
7 0.916447
7 0.917228
7 0.918029
7 0.918849
6 0.919688
6 0.920546
6 0.921424
6 0.922321
6 0.923238
6 0.924175
6 0.925131
6 0.926108
6 0.927104
6 0.928121
6 0.929158
6 0.930215
6 0.931293
6 0.932391
6 0.933510
6 0.934649
6 0.935810
6 0.936991
6 0.938193
6 0.939416
6 0.940660
6 0.941926
6 0.943212
6 0.944520
6 0.945849
6 0.947200
6 0.948572
6 0.949965
6 0.951380
6 0.952816
6 0.954275
6 0.955754
6 0.957256
6 0.958779
6 0.960324
6 0.961891
6 0.963480
6 0.965091
6 0.966723
6 0.968378
6 0.970054
6 0.971752
6 0.973473
6 0.975215
6 0.976979
6 0.978765
6 0.980573
6 0.982403
6 0.984255
6 0.986130
6 0.988026
6 0.989944
6 0.991884
6 0.993845
6 0.995829
6 0.997835
6 0.999863
6 1.001912
6 1.003983
6 1.006076
6 1.008191
6 1.010328
6 1.012486
6 1.014666
6 1.016867
6 1.019090
6 1.021335
6 1.023601
6 1.025888
6 1.028197
6 1.030528
6 1.032879
6 1.035252
6 1.037645
6 1.040060
6 1.042496
6 1.044953
6 1.047431
6 1.049929
6 1.052449
6 1.054988
6 1.057549
6 1.060130
6 1.062731
6 1.065353
6 1.067995
6 1.070657
6 1.073339
6 1.076041
6 1.078763
6 1.081505
6 1.084267
6 1.087048
6 1.089848
6 1.092668
6 1.095507
6 1.098366
6 1.101243
6 1.104139
6 1.107054
6 1.109988
6 1.112941
6 1.115911
6 1.118901
6 1.121908
6 1.124934
6 1.127977
6 1.131039
6 1.134118
6 1.137214
6 1.140328
6 1.143460
6 1.146608
6 1.149774
6 1.152957
6 1.156156
6 1.159372
6 1.162604
6 1.165853
6 1.169118
6 1.172399
6 1.175696
6 1.179009
6 1.182337
6 1.185681
6 1.189040
6 1.192414
6 1.195803
6 1.199207
6 1.202625
6 1.206059
6 1.209506
6 1.212968
6 1.216443
6 1.219933
6 1.223436
6 1.226953
6 1.230484
6 1.234028
6 1.237585
6 1.241155
6 1.244738
6 1.248334
6 1.251943
6 1.255565
6 1.259199
6 1.262845
6 1.266504
6 1.270175
6 1.273859
6 1.277554
6 1.281261
6 1.284981
6 1.288712
6 1.292454
6 1.296209
6 1.299974
6 1.303751
6 1.307540
6 1.311340
6 1.315150
6 1.318972
6 1.322805
6 1.326649
6 1.330504
6 1.334369
6 1.338245
6 1.342131
6 1.346028
6 1.349936
6 1.353853
6 1.357781
6 1.361719
6 1.365667
6 1.369625
6 1.373593
6 1.377570
6 1.381557
6 1.385554
6 1.389561
6 1.393576
6 1.397602
6 1.401636
6 1.405680
6 1.409732
6 1.413794
6 1.417865
6 1.421944
6 1.426032
6 1.430129
6 1.434234
6 1.438348
6 1.442470
6 1.446600
6 1.450738
6 1.454885
6 1.459039
6 1.463201
6 1.467371
6 1.471549
6 1.475733
6 1.479926
6 1.484125
6 1.488332
6 1.492545
6 1.496766
6 1.500993
6 1.505227
6 1.509467
6 1.513714
6 1.517966
6 1.522225
6 1.526490
6 1.530761
6 1.535038
6 1.539320
6 1.543607
6 1.547900
6 1.552198
6 1.556500
6 1.560808
6 1.565120
6 1.569437
6 1.573758
6 1.578084
6 1.582413
6 1.586747
6 1.591084
6 1.595425
6 1.599769
6 1.604117
6 1.608467
6 1.612821
6 1.617177
6 1.621536
6 1.625898
6 1.630262
6 1.634628
6 1.638995
6 1.643365
6 1.647736
6 1.652109
6 1.656483
6 1.660858
6 1.665234
6 1.669610
6 1.673988
6 1.678365
6 1.682743
6 1.687121
5 1.691498
5 1.695876
5 1.700252
5 1.704629
5 1.709004
5 1.713556
5 1.718093
5 1.722614
5 1.727119
5 1.731608
5 1.736078
5 1.740528
5 1.744959
5 1.749368
5 1.753755
5 1.758120
5 1.762460
5 1.766775
5 1.771064
5 1.775327
5 1.779562
5 1.783770
5 1.787948
5 1.792098
5 1.796218
5 1.800308
5 1.804367
5 1.808396
5 1.812393
5 1.816360
5 1.820294
5 1.824197
5 1.828068
5 1.831907
5 1.835714
5 1.839490
5 1.843233
5 1.846945
5 1.850625
5 1.854273
5 1.857890
5 1.861476
5 1.865030
5 1.868554
5 1.872047
5 1.875509
5 1.878941
5 1.882343
5 1.885715
5 1.889057
5 1.892370
5 1.895654
5 1.898909
5 1.902136
5 1.905334
5 1.908505
5 1.911648
5 1.914763
5 1.917851
5 1.920912
5 1.923946
5 1.926954
5 1.929936
5 1.932892
5 1.935823
5 1.938728
5 1.941608
5 1.944463
5 1.947293
5 1.950100
5 1.952882
5 1.955640
5 1.958374
5 1.961085
5 1.963773
5 1.966437
5 1.969079
5 1.971698
5 1.974295
5 1.976869
5 1.979422
5 1.981953
5 1.984462
5 1.986949
5 1.989415
5 1.991860
5 1.994284
5 1.996688
5 1.999070
5 2.001432
5 2.003774
5 2.006096
5 2.008397
5 2.010679
5 2.012941
5 2.015183
5 2.017406
5 2.019609
5 2.021793
5 2.023958
5 2.026103
5 2.028230
5 2.030338
5 2.032427
5 2.034498
5 2.036550
5 2.038584
5 2.040600
5 2.042597
5 2.044576
5 2.046537
5 2.048480
5 2.050405
5 2.052313
5 2.054202
5 2.056074
5 2.057929
5 2.059766
5 2.061585
5 2.063387
5 2.065172
5 2.066940
5 2.068690
5 2.070423
5 2.072139
5 2.073839
5 2.075521
5 2.077186
5 2.078835
5 2.080466
5 2.082081
5 2.083679
5 2.085261
5 2.086826
5 2.088374
5 2.089906
5 2.091421
5 2.092920
5 2.094402
5 2.095868
5 2.097318
5 2.098751
5 2.100168
5 2.101569
5 2.102953
5 2.104321
5 2.105673
5 2.107009
5 2.108329
5 2.109633
5 2.110920
5 2.112192
5 2.113447
5 2.114686
5 2.115910
5 2.117117
5 2.118308
5 2.119484
5 2.120643
5 2.121787
5 2.122914
5 2.124026
5 2.125122
5 2.126202
5 2.127266
5 2.128314
5 2.129347
5 2.130363
5 2.131364
5 2.132349
5 2.133318
5 2.134272
5 2.135209
5 2.136131
5 2.137037
5 2.137927
5 2.138801
5 2.139660
5 2.140503
5 2.141330
5 2.142141
5 2.142937
5 2.143717
5 2.144481
5 2.145229
5 2.145962
5 2.146679
5 2.147380
5 2.148065
5 2.148734
5 2.149388
5 2.150026
5 2.150648
5 2.151255
5 2.151846
5 2.152421
5 2.152980
5 2.153523
5 2.154051
5 2.154562
5 2.155058
5 2.155539
5 2.156003
5 2.156451
5 2.156884
5 2.157301
5 2.157702
5 2.158087
5 2.158457
5 2.158810
5 2.159148
5 2.159470
5 2.159776
5 2.160066
5 2.160340
5 2.160598
5 2.160841
5 2.161067
5 2.161278
5 2.161472
5 2.161651
5 2.161813
5 2.161960
5 2.162091
5 2.162205
5 2.162304
5 2.162387
5 2.162454
5 2.162504
5 2.162539
5 2.162557
5 2.162560
5 2.162546
5 2.162517
5 2.162471
5 2.162409
5 2.162331
5 2.162237
5 2.162127
5 2.162000
5 2.161858
5 2.161699
5 2.161524
5 2.161333
5 2.161125
5 2.160902
5 2.160662
5 2.160405
5 2.160133
5 2.159844
5 2.159539
5 2.159218
5 2.158880
5 2.158526
5 2.158156
5 2.157769
5 2.157366
5 2.156947
5 2.156511
5 2.156058
5 2.155590
5 2.155104
5 2.154603
5 2.154085
5 2.153550
5 2.152999
5 2.152431
5 2.151847
5 2.151246
5 2.150629
5 2.149995
5 2.149344
5 2.148677
5 2.147993
5 2.147293
5 2.146576
5 2.145842
5 2.145092
5 2.144325
5 2.143541
5 2.142740
5 2.141923
5 2.141089
5 2.140238
5 2.139370
5 2.138486
5 2.137585
5 2.136667
5 2.135732
5 2.134780
5 2.133811
5 2.132826
5 2.131823
5 2.130804
5 2.129767
5 2.128714
5 2.127644
5 2.126557
5 2.125452
5 2.124331
5 2.123193
5 2.122037
5 2.120865
5 2.119675
5 2.118469
5 2.117245
5 2.116004
5 2.114746
5 2.113471
5 2.112179
5 2.110869
5 2.109543
5 2.108199
5 2.106837
5 2.105459
5 2.104063
5 2.102650
5 2.101220
5 2.099773
5 2.098308
5 2.096825
5 2.095326
5 2.093809
5 2.092274
5 2.090723
5 2.089153
5 2.087567
5 2.085963
5 2.084341
5 2.082702
5 2.081046
5 2.079372
5 2.077680
5 2.075971
5 2.074244
5 2.072500
5 2.070738
5 2.068959
5 2.067161
5 2.065347
5 2.063514
5 2.061664
5 2.059796
5 2.057911
5 2.056008
5 2.054087
5 2.052148
5 2.050192
5 2.048218
5 2.046226
5 2.044216
5 2.042188
5 2.040143
5 2.038079
5 2.035998
5 2.033899
5 2.031782
5 2.029647
5 2.027494
5 2.025323
5 2.023135
5 2.020928
5 2.018703
5 2.016460
5 2.014200
5 2.011921
5 2.009624
5 2.007309
5 2.004976
5 2.002624
5 2.000255
5 1.997868
5 1.995462
5 1.993038
5 1.990596
4 1.988136
4 1.985658
4 1.983161
4 1.980646
4 1.978113
4 1.975561
4 1.972992
4 1.970404
4 1.967797
4 1.965173
4 1.962530
4 1.959868
4 1.957188
4 1.954490
4 1.951773
4 1.949038
4 1.946285
4 1.943513
4 1.940722
4 1.937913
4 1.935086
4 1.932240
4 1.929376
4 1.926493
4 1.923591
4 1.920671
4 1.917732
4 1.914775
4 1.911799
4 1.908805
4 1.905792
4 1.902760
4 1.899709
4 1.896640
4 1.893553
4 1.890446
4 1.887321
4 1.884177
4 1.881015
4 1.877833
4 1.874633
4 1.871415
4 1.868177
4 1.864921
4 1.861645
4 1.858352
4 1.855039
4 1.851707
4 1.848357
4 1.844988
4 1.841599
4 1.838192
4 1.834767
4 1.831322
4 1.827858
4 1.824376
4 1.820874
4 1.817354
4 1.813815
4 1.810257
4 1.806679
4 1.803083
4 1.799468
4 1.795834
4 1.792181
4 1.788509
4 1.784818
4 1.781108
4 1.777379
4 1.773631
4 1.769864
4 1.766078
4 1.762273
4 1.758448
4 1.754605
4 1.750743
4 1.746861
4 1.742961
4 1.739041
4 1.735102
4 1.731144
4 1.727167
4 1.723171
4 1.719156
4 1.715122
4 1.711068
4 1.706996
4 1.702904
4 1.698793
4 1.694663
4 1.690514
4 1.686345
4 1.682157
4 1.677951
4 1.673725
4 1.669479
4 1.665215
4 1.660931
4 1.656628
4 1.652306
4 1.647965
4 1.643605
4 1.639225
4 1.634826
4 1.630408
4 1.625970
4 1.621513
4 1.617037
4 1.612542
4 1.608027
4 1.603494
4 1.598940
4 1.594368
4 1.589776
4 1.585165
4 1.580535
4 1.575886
4 1.571217
4 1.566528
4 1.561821
4 1.557094
4 1.552348
4 1.547582
4 1.542798
4 1.537994
