376.0 0.68578
358.0 0.689045
341.0 0.692309
327.0 0.695572
313.0 0.698834
301.0 0.702094
289.0 0.705354
278.0 0.708612
268.0 0.71187
259.0 0.715126
251.0 0.718381
242.0 0.721636
235.0 0.724889
228.0 0.728141
221.0 0.731392
215.0 0.734642
209.0 0.737891
203.0 0.741138
198.0 0.744385
193.0 0.747631
188.0 0.750876
183.0 0.75412
179.0 0.757363
175.0 0.760604
171.0 0.763845
167.0 0.767085
164.0 0.770324
160.0 0.773562
157.0 0.776799
154.0 0.780035
151.0 0.78327
148.0 0.786504
145.0 0.789737
142.0 0.792969
139.0 0.7962
137.0 0.799431
134.0 0.80266
132.0 0.805889
130.0 0.809116
128.0 0.812343
126.0 0.815569
123.0 0.818794
121.0 0.822018
120.0 0.825241
118.0 0.828464
116.0 0.831685
114.0 0.834906
112.0 0.838126
111.0 0.841345
109.0 0.844563
108.0 0.847781
106.0 0.850997
105.0 0.854213
103.0 0.857428
102.0 0.860642
101.0 0.863856
99.0 0.867068
98.0 0.87028
97.0 0.873491
95.0 0.876702
94.0 0.879911
93.0 0.88312
92.0 0.886328
91.0 0.889536
90.0 0.892743
89.0 0.895949
88.0 0.899154
87.0 0.902359
86.0 0.905563
85.0 0.908766
84.0 0.911968
83.0 0.91517
82.0 0.918372
81.0 0.921572
80.0 0.924772
79.0 0.9295705
78.0 0.934368
77.0 0.937566
76.0 0.942361
75.0 0.947154
74.0 0.950349
73.0 0.955141
72.0 0.959931
71.0 0.96472
70.0 0.969508
69.0 0.974294
68.0 0.97908
67.0 0.9838635
66.0 0.990241
65.0 0.9966155
64.0 1.002989
63.0 1.007767
62.0 1.0125445
61.0 1.020505
60.0 1.028463
59.0 1.034827
58.0 1.0411895
57.0 1.0475505
56.0 1.05549966667
55.0 1.063446
54.0 1.07139066667
53.0 1.08092166667
52.0 1.09044966667
51.0 1.09997466667
50.0 1.109497
49.0 1.119017
48.0 1.12853533333
47.0 1.13963675
46.0 1.15073566667
45.0 1.161832
44.0 1.17451125
43.0 1.1871875
42.0 1.19986175
41.0 1.2141178
40.0 1.2299558
39.0 1.245792
38.0 1.2616262
37.0 1.27904316667
36.0 1.29804316667
35.0 1.31704366667
34.0 1.33762914286
33.0 1.35980085714
32.0 1.38197685714
31.0 1.40732777778
30.0 1.43427225
29.0 1.46122788889
28.0 1.4913697
27.0 1.52470381818
26.0 1.56123625
25.0 1.59938366667
24.0 1.64073785714
23.0 1.68530014286
22.0 1.73466094118
21.0 1.7904015
20.0 1.84929615789
19.0 1.9144245
18.0 1.9887412
17.0 2.07031511111
16.0 2.16225490625
15.0 2.2735962
14.0 2.42773560976
13.0 2.61508816327
12.0 2.80980107143
11.0 2.97370057971
10.0 3.10301745783
9.0 3.28459924038
8.0 3.63484837313
7.0 4.09770908939
6.0 4.80529604
5.0 6.12176632
4.0 5.525528024
