376.0 0.228593
358.0 0.229682
341.0 0.23077
327.0 0.231857
313.0 0.232945
301.0 0.234031
289.0 0.235118
278.0 0.236204
268.0 0.23729
259.0 0.238375
251.0 0.23946
242.0 0.240545
235.0 0.24163
228.0 0.242714
221.0 0.243797
215.0 0.244881
209.0 0.245964
203.0 0.247046
198.0 0.248128
193.0 0.24921
188.0 0.250292
183.0 0.251373
179.0 0.252454
175.0 0.253535
171.0 0.254615
167.0 0.255695
164.0 0.256775
160.0 0.257854
157.0 0.258933
154.0 0.260012
151.0 0.26109
148.0 0.262168
145.0 0.263246
142.0 0.264323
139.0 0.2654
137.0 0.266477
134.0 0.267553
132.0 0.26863
130.0 0.269705
128.0 0.270781
126.0 0.271856
123.0 0.272931
121.0 0.274006
120.0 0.27508
118.0 0.276155
116.0 0.277228
114.0 0.278302
112.0 0.279375
111.0 0.280448
109.0 0.281521
108.0 0.282594
106.0 0.283666
105.0 0.284738
103.0 0.285809
102.0 0.286881
101.0 0.287952
99.0 0.289023
98.0 0.290093
97.0 0.291164
95.0 0.292234
94.0 0.293304
93.0 0.294373
92.0 0.295443
91.0 0.296512
90.0 0.297581
89.0 0.29865
88.0 0.299718
87.0 0.300786
86.0 0.301854
85.0 0.302922
84.0 0.303989
83.0 0.305057
82.0 0.306124
81.0 0.307191
80.0 0.308257
79.0 0.309857
78.0 0.311456
77.0 0.312522
76.0 0.3141205
75.0 0.315718
74.0 0.316783
73.0 0.3183805
72.0 0.319977
71.0 0.321573
70.0 0.323169
69.0 0.3247645
68.0 0.32636
67.0 0.3279545
66.0 0.3300805
65.0 0.332205
64.0 0.33433
63.0 0.335922
62.0 0.337515
61.0 0.340168333333
60.0 0.342821
59.0 0.3449425
58.0 0.347063
57.0 0.3491835
56.0 0.351833
55.0 0.354482
54.0 0.35713
53.0 0.360307
52.0 0.363483333333
51.0 0.366658
50.0 0.369832
49.0 0.373005666667
48.0 0.376178333333
47.0 0.379879
46.0 0.383578666667
45.0 0.38727725
44.0 0.39150375
43.0 0.39572925
42.0 0.399954
41.0 0.404706
40.0 0.4099854
39.0 0.415264
38.0 0.420542
37.0 0.426347833333
36.0 0.432681
35.0 0.439014666667
34.0 0.445876428571
33.0 0.453267
32.0 0.460659
31.0 0.469109333333
30.0 0.47809075
29.0 0.487076
28.0 0.4971232
27.0 0.508234545455
26.0 0.52041225
25.0 0.533128
24.0 0.546912714286
23.0 0.561766785714
22.0 0.578220294118
21.0 0.596800555556
20.0 0.616432157895
19.0 0.6381415
18.0 0.66291372
17.0 0.690105111111
16.0 0.720751625
15.0 0.757865428571
14.0 0.809245243902
13.0 0.871696061224
12.0 0.936600339286
11.0 0.991233536232
10.0 1.03433912048
9.0 1.09486643269
8.0 1.21161612687
7.0 1.36590302235
6.0 1.60176534
5.0 2.04058877867
4.0 1.841842664
