376 0.685780
358 0.689045
341 0.692309
327 0.695572
313 0.698834
301 0.702094
289 0.705354
278 0.708612
268 0.711870
259 0.715126
251 0.718381
242 0.721636
235 0.724889
228 0.728141
221 0.731392
215 0.734642
209 0.737891
203 0.741138
198 0.744385
193 0.747631
188 0.750876
183 0.754120
179 0.757363
175 0.760604
171 0.763845
167 0.767085
164 0.770324
160 0.773562
157 0.776799
154 0.780035
151 0.783270
148 0.786504
145 0.789737
142 0.792969
139 0.796200
137 0.799431
134 0.802660
132 0.805889
130 0.809116
128 0.812343
126 0.815569
123 0.818794
121 0.822018
120 0.825241
118 0.828464
116 0.831685
114 0.834906
112 0.838126
111 0.841345
109 0.844563
108 0.847781
106 0.850997
105 0.854213
103 0.857428
102 0.860642
101 0.863856
99 0.867068
98 0.870280
97 0.873491
95 0.876702
94 0.879911
93 0.883120
92 0.886328
91 0.889536
90 0.892743
89 0.895949
88 0.899154
87 0.902359
86 0.905563
85 0.908766
84 0.911968
83 0.915170
82 0.918372
81 0.921572
80 0.924772
79 0.927971
79 0.931170
78 0.934368
77 0.937566
76 0.940763
76 0.943959
75 0.947154
74 0.950349
73 0.953544
73 0.956738
72 0.959931
71 0.963124
71 0.966316
70 0.969508
69 0.972699
69 0.975889
68 0.979080
67 0.982269
67 0.985458
66 0.988647
66 0.991835
65 0.995022
65 0.998209
64 1.001396
64 1.004582
63 1.007767
62 1.010952
62 1.014137
61 1.017321
61 1.020505
61 1.023689
60 1.026872
60 1.030054
59 1.033236
59 1.036418
58 1.039599
58 1.042780
57 1.045960
57 1.049141
56 1.052320
56 1.055500
56 1.058679
55 1.061857
55 1.065035
54 1.068213
54 1.071391
54 1.074568
53 1.077745
53 1.080922
53 1.084098
52 1.087274
52 1.090450
52 1.093625
51 1.096800
51 1.099975
51 1.103149
50 1.106323
50 1.109497
50 1.112671
49 1.115844
49 1.119017
49 1.122190
48 1.125363
48 1.128535
48 1.131708
47 1.134879
47 1.138051
47 1.141223
47 1.144394
46 1.147565
46 1.150736
46 1.153906
45 1.157077
45 1.160247
45 1.163417
45 1.166587
44 1.169757
44 1.172927
44 1.176096
44 1.179265
43 1.182434
43 1.185603
43 1.188772
43 1.191941
42 1.195109
42 1.198278
42 1.201446
42 1.204614
41 1.207782
41 1.210950
41 1.214118
41 1.217286
41 1.220453
40 1.223621
40 1.226789
40 1.229956
40 1.233123
40 1.236290
39 1.239458
39 1.242625
39 1.245792
39 1.248959
39 1.252126
38 1.255293
38 1.258459
38 1.261626
38 1.264793
38 1.267960
37 1.271126
37 1.274293
37 1.277460
37 1.280627
37 1.283793
37 1.286960
36 1.290126
36 1.293293
36 1.296460
36 1.299627
36 1.302793
36 1.305960
35 1.309127
35 1.312293
35 1.315460
35 1.318627
35 1.321794
35 1.324961
34 1.328128
34 1.331295
34 1.334462
34 1.337629
34 1.340796
34 1.343963
34 1.347131
33 1.350298
33 1.353466
33 1.356633
33 1.359801
33 1.362968
33 1.366136
33 1.369304
32 1.372472
32 1.375640
32 1.378808
32 1.381977
32 1.385145
32 1.388314
32 1.391482
31 1.394651
31 1.397820
31 1.400989
31 1.404158
31 1.407327
31 1.410497
31 1.413666
31 1.416836
31 1.420006
30 1.423176
30 1.426346
30 1.429516
30 1.432686
30 1.435857
30 1.439028
30 1.442199
30 1.445370
29 1.448541
29 1.451712
29 1.454884
29 1.458055
29 1.461227
29 1.464399
29 1.467572
29 1.470744
29 1.473917
28 1.477089
28 1.480262
28 1.483435
28 1.486609
28 1.489782
28 1.492956
28 1.496130
28 1.499304
28 1.502478
28 1.505652
27 1.508827
27 1.512002
27 1.515177
27 1.518352
27 1.521527
27 1.524703
27 1.527879
27 1.531054
27 1.534231
27 1.537407
27 1.540583
26 1.543760
26 1.546937
26 1.550114
26 1.553291
26 1.556469
26 1.559646
26 1.562824
26 1.566002
26 1.569180
26 1.572359
26 1.575537
26 1.578716
25 1.581895
25 1.585074
25 1.588254
25 1.591433
25 1.594613
25 1.597793
25 1.600973
25 1.604153
25 1.607333
25 1.610514
25 1.613694
25 1.616875
24 1.620056
24 1.623237
24 1.626419
24 1.629600
24 1.632782
24 1.635964
24 1.639146
24 1.642328
24 1.645510
24 1.648692
24 1.651875
24 1.655058
24 1.658240
24 1.661423
23 1.664606
23 1.667790
23 1.670973
23 1.674156
23 1.677340
23 1.680524
23 1.683707
23 1.686891
23 1.690075
23 1.693259
23 1.696444
23 1.699628
23 1.702812
23 1.705997
22 1.709181
22 1.712366
22 1.715551
22 1.718735
22 1.721920
22 1.725105
22 1.728290
22 1.731475
22 1.734660
22 1.737846
22 1.741031
22 1.744216
22 1.747401
22 1.750587
22 1.753772
22 1.756957
22 1.760143
21 1.763328
21 1.766513
21 1.769699
21 1.772884
21 1.776069
21 1.779255
21 1.782440
21 1.785625
21 1.788810
21 1.791995
21 1.795180
21 1.798365
21 1.801550
21 1.804734
21 1.807919
21 1.811103
21 1.814287
21 1.817471
20 1.820655
20 1.823839
20 1.827023
20 1.830206
20 1.833389
20 1.836572
20 1.839755
20 1.842937
20 1.846119
20 1.849301
20 1.852482
20 1.855663
20 1.858844
20 1.862025
20 1.865205
20 1.868384
20 1.871564
20 1.874743
20 1.877921
19 1.881099
19 1.884277
19 1.887454
19 1.890630
19 1.893806
19 1.896982
19 1.900157
19 1.903331
19 1.906505
19 1.909678
19 1.912851
19 1.916023
19 1.919195
19 1.922365
19 1.925535
19 1.928705
19 1.931874
19 1.935041
19 1.938209
19 1.941375
19 1.944541
19 1.947706
18 1.950870
18 1.954033
18 1.957195
18 1.960357
18 1.963517
18 1.966677
18 1.969836
18 1.972994
18 1.976150
18 1.979306
18 1.982461
18 1.985615
18 1.988768
18 1.991920
18 1.995071
18 1.998220
18 2.001369
18 2.004517
18 2.007663
18 2.010808
18 2.013953
18 2.017096
18 2.020238
18 2.023378
18 2.026518
17 2.029656
17 2.032794
17 2.035930
17 2.039065
17 2.042198
17 2.045331
17 2.048462
17 2.051592
17 2.054721
17 2.057849
17 2.060975
17 2.064101
17 2.067225
17 2.070348
17 2.073470
17 2.076591
17 2.079711
17 2.082830
17 2.085948
17 2.089064
17 2.092180
17 2.095295
17 2.098409
17 2.101523
17 2.104635
17 2.107747
17 2.110858
16 2.113969
16 2.117079
16 2.120189
16 2.123298
16 2.126407
16 2.129516
16 2.132625
16 2.135734
16 2.138843
16 2.141953
16 2.145063
16 2.148173
16 2.151285
16 2.154397
16 2.157510
16 2.160625
16 2.163741
16 2.166859
16 2.169979
16 2.173100
16 2.176224
16 2.179351
16 2.182481
16 2.185613
16 2.188749
16 2.191889
16 2.195032
16 2.198180
16 2.201332
16 2.204489
16 2.207652
16 2.210820
15 2.213994
15 2.217174
15 2.220360
15 2.223554
15 2.226754
15 2.229962
15 2.233178
15 2.236402
15 2.239635
15 2.242876
15 2.246126
15 2.249384
15 2.252652
15 2.255930
15 2.259216
15 2.263183
15 2.267159
15 2.271145
15 2.275139
15 2.279142
15 2.283153
15 2.287173
15 2.291201
15 2.295237
15 2.299282
15 2.303333
15 2.307393
15 2.311460
15 2.315534
15 2.319615
15 2.323702
15 2.327797
15 2.331898
15 2.336005
15 2.340119
14 2.344238
14 2.348363
14 2.352494
14 2.356630
14 2.360771
14 2.364917
14 2.369068
14 2.373224
14 2.377384
14 2.381549
14 2.385717
14 2.389890
14 2.394066
14 2.398246
14 2.402429
14 2.406616
14 2.410805
14 2.414997
14 2.419192
14 2.423389
14 2.427589
14 2.431790
14 2.435994
14 2.440199
14 2.444406
14 2.448614
14 2.452824
14 2.457034
14 2.461245
14 2.465457
14 2.469670
14 2.473882
14 2.478095
14 2.482308
14 2.486520
14 2.490732
14 2.494944
14 2.499155
14 2.503364
14 2.507573
14 2.511780
13 2.515986
13 2.520191
13 2.524393
13 2.528594
13 2.532792
13 2.536988
13 2.541182
13 2.545372
13 2.549559
13 2.553743
13 2.557924
13 2.562100
13 2.566273
13 2.570440
13 2.574604
13 2.578762
13 2.582914
13 2.587061
13 2.591203
13 2.595338
13 2.599466
13 2.603587
13 2.607702
13 2.611808
13 2.615907
13 2.619998
13 2.624080
13 2.628154
13 2.632218
13 2.636273
13 2.640318
13 2.644353
13 2.648377
13 2.652391
13 2.656394
13 2.660385
13 2.664365
13 2.668333
13 2.672288
13 2.676231
13 2.680161
13 2.684077
13 2.687980
13 2.691870
13 2.695745
13 2.699606
13 2.703452
13 2.707283
13 2.711099
12 2.714900
12 2.718685
12 2.722453
12 2.726206
12 2.729942
12 2.733661
12 2.737363
12 2.741049
12 2.744716
12 2.748366
12 2.751998
12 2.755612
12 2.759208
12 2.762785
12 2.766344
12 2.769884
12 2.773405
12 2.776906
12 2.780388
12 2.783851
12 2.787294
12 2.790717
12 2.794121
12 2.797504
12 2.800867
12 2.804209
12 2.807532
12 2.810833
12 2.814114
12 2.817374
12 2.820614
12 2.823832
12 2.827029
12 2.830205
12 2.833361
12 2.836494
12 2.839607
12 2.842698
12 2.845768
12 2.848817
12 2.851844
12 2.854849
12 2.857833
12 2.860796
12 2.863737
12 2.866657
12 2.869555
12 2.872432
12 2.875287
12 2.878121
12 2.880933
12 2.883724
12 2.886494
12 2.889242
12 2.891969
12 2.894675
11 2.897360
11 2.900024
11 2.902667
11 2.905289
11 2.907891
11 2.910471
11 2.913031
11 2.915571
11 2.918090
11 2.920589
11 2.923067
11 2.925526
11 2.927964
11 2.930383
11 2.932782
11 2.935162
11 2.937522
11 2.939862
11 2.942184
11 2.944486
11 2.946770
11 2.949035
11 2.951282
11 2.953510
11 2.955720
11 2.957912
11 2.960087
11 2.962243
11 2.964383
11 2.966505
11 2.968610
11 2.970698
11 2.972769
11 2.974824
11 2.976862
11 2.978885
11 2.980891
11 2.982882
11 2.984857
11 2.986817
11 2.988762
11 2.990692
11 2.992607
11 2.994508
11 2.996395
11 2.998267
11 3.000126
11 3.001972
11 3.003804
11 3.005623
11 3.007430
11 3.009224
11 3.011006
11 3.012775
11 3.014534
11 3.016280
11 3.018016
11 3.019740
11 3.021454
11 3.023158
11 3.024851
11 3.026535
11 3.028209
11 3.029874
11 3.031530
11 3.033177
11 3.034815
11 3.036445
11 3.038068
10 3.039682
10 3.041289
10 3.042889
10 3.044482
10 3.046068
10 3.047647
10 3.049221
10 3.050788
10 3.052349
10 3.053905
10 3.055456
10 3.057002
10 3.058543
10 3.060079
10 3.061612
10 3.063140
10 3.064665
10 3.066186
10 3.067704
10 3.069219
10 3.070731
10 3.072241
10 3.073749
10 3.075254
10 3.076759
10 3.078261
10 3.079763
10 3.081264
10 3.082764
10 3.084263
10 3.085763
10 3.087262
10 3.088762
10 3.090263
10 3.091764
10 3.093267
10 3.094771
10 3.096276
10 3.097783
10 3.099293
10 3.100804
10 3.102318
10 3.103834
10 3.105354
10 3.106876
10 3.108402
10 3.109931
10 3.111464
10 3.113001
10 3.114542
10 3.116087
10 3.117636
10 3.119191
10 3.120750
10 3.122314
10 3.123883
10 3.125458
10 3.127038
10 3.128624
10 3.130216
10 3.131814
10 3.133418
10 3.135029
10 3.136647
10 3.138271
10 3.139902
10 3.141541
10 3.143186
10 3.144840
10 3.146501
10 3.148169
10 3.149846
10 3.151530
10 3.153223
10 3.154925
10 3.156635
10 3.158353
10 3.160081
10 3.161817
10 3.163563
10 3.165318
10 3.167082
10 3.168856
9 3.170640
9 3.172434
9 3.174238
9 3.176052
9 3.177877
9 3.179712
9 3.181559
9 3.183416
9 3.185284
9 3.187163
9 3.189054
9 3.190956
9 3.192870
9 3.194795
9 3.196733
9 3.198683
9 3.200644
9 3.202619
9 3.204605
9 3.206604
9 3.208616
9 3.210640
9 3.212678
9 3.214728
9 3.216792
9 3.218868
9 3.220958
9 3.223061
9 3.225178
9 3.227308
9 3.229451
9 3.231608
9 3.233779
9 3.235963
9 3.238161
9 3.240373
9 3.242598
9 3.244837
9 3.247090
9 3.249356
9 3.251636
9 3.253930
9 3.256237
9 3.258558
9 3.260893
9 3.263241
9 3.265602
9 3.267977
9 3.270366
9 3.272768
9 3.275183
9 3.277612
9 3.280054
9 3.282509
9 3.284978
9 3.287459
9 3.289954
9 3.292461
9 3.294982
9 3.297515
9 3.300062
9 3.302621
9 3.305192
9 3.307777
9 3.310373
9 3.312982
9 3.315604
9 3.318237
9 3.320883
9 3.323541
9 3.326210
9 3.328892
9 3.331585
9 3.334289
9 3.337005
9 3.339733
9 3.342471
9 3.345221
9 3.347982
9 3.350753
9 3.353535
9 3.356328
9 3.359131
9 3.361944
9 3.364767
9 3.367600
9 3.370443
9 3.373296
9 3.376158
9 3.379030
9 3.381910
9 3.384800
9 3.387699
9 3.390606
9 3.393522
9 3.396446
9 3.399378
9 3.402319
9 3.405268
9 3.408224
9 3.411188
9 3.414159
9 3.417138
9 3.420123
8 3.423116
8 3.426115
8 3.429121
8 3.432134
8 3.435153
8 3.438178
8 3.441209
8 3.444246
8 3.447289
8 3.450337
8 3.453391
8 3.456450
8 3.459514
8 3.462584
8 3.465658
8 3.468737
8 3.471821
8 3.474910
8 3.478003
8 3.481101
8 3.484203
8 3.487310
8 3.490420
8 3.493535
8 3.496654
8 3.499777
8 3.502904
8 3.506036
8 3.509171
8 3.512310
8 3.515453
8 3.518600
8 3.521751
8 3.524906
8 3.528065
8 3.531227
8 3.534394
8 3.537564
8 3.540738
8 3.543916
8 3.547097
8 3.550283
8 3.553472
8 3.556665
8 3.559861
8 3.563062
8 3.566266
8 3.569474
8 3.572686
8 3.575901
8 3.579120
8 3.582344
8 3.585570
8 3.588801
8 3.592035
8 3.595274
8 3.598516
8 3.601762
8 3.605011
8 3.608265
8 3.611522
8 3.614784
8 3.618049
8 3.621318
8 3.624591
8 3.627868
8 3.631149
8 3.634434
8 3.637723
8 3.641016
8 3.644313
8 3.647614
8 3.650919
8 3.654228
8 3.657541
8 3.660857
8 3.664177
8 3.667500
8 3.670827
8 3.674157
8 3.677490
8 3.680826
8 3.684165
8 3.687506
8 3.690849
8 3.694194
8 3.697542
8 3.700890
8 3.704240
8 3.707592
8 3.710944
8 3.714296
8 3.717649
8 3.721002
8 3.724355
8 3.727707
8 3.731058
8 3.734409
8 3.737758
8 3.741105
8 3.744450
8 3.747793
8 3.751134
8 3.754472
8 3.757807
8 3.761138
8 3.764466
8 3.767790
8 3.771110
8 3.774426
8 3.777737
8 3.781043
8 3.784344
8 3.787640
8 3.790930
8 3.794214
8 3.797492
8 3.800763
8 3.804029
8 3.807287
8 3.810539
8 3.813783
8 3.817021
8 3.820250
8 3.823473
8 3.826687
8 3.829893
8 3.833092
8 3.836282
8 3.839464
8 3.842637
8 3.845802
8 3.848958
8 3.852106
7 3.855245
7 3.858374
7 3.861495
7 3.864607
7 3.867710
7 3.870804
7 3.873888
7 3.876964
7 3.880030
7 3.883087
7 3.886135
7 3.889174
7 3.892203
7 3.895224
7 3.898234
7 3.901236
7 3.904228
7 3.907212
7 3.910185
7 3.913150
7 3.916106
7 3.919052
7 3.921989
7 3.924917
7 3.927836
7 3.930747
7 3.933648
7 3.936540
7 3.939423
7 3.942298
7 3.945164
7 3.948021
7 3.950869
7 3.953709
7 3.956541
7 3.959364
7 3.962179
7 3.964985
7 3.967784
7 3.970574
7 3.973356
7 3.976130
7 3.978896
7 3.981655
7 3.984406
7 3.987149
7 3.989885
7 3.992613
7 3.995334
7 3.998048
7 4.000754
7 4.003454
7 4.006146
7 4.008832
7 4.011510
7 4.014182
7 4.016848
7 4.019507
7 4.022159
7 4.024805
7 4.027445
7 4.030079
7 4.032706
7 4.035328
7 4.037944
7 4.040554
7 4.043158
7 4.045757
7 4.048351
7 4.050939
7 4.053521
7 4.056099
7 4.058672
7 4.061239
7 4.063802
7 4.066360
7 4.068913
7 4.071462
7 4.074006
7 4.076546
7 4.079082
7 4.081614
7 4.084141
7 4.086665
7 4.089185
7 4.091701
7 4.094213
7 4.096722
7 4.099228
7 4.101730
7 4.104229
7 4.106725
7 4.109217
7 4.111707
7 4.114195
7 4.116679
7 4.119161
7 4.121641
7 4.124118
7 4.126593
7 4.129066
7 4.131537
7 4.134007
7 4.136474
7 4.138940
7 4.141405
7 4.143869
7 4.146331
7 4.148792
7 4.151253
7 4.153713
7 4.156172
7 4.158631
7 4.161089
7 4.163547
7 4.166006
7 4.168464
7 4.170922
7 4.173381
7 4.175840
7 4.178299
7 4.180760
7 4.183221
7 4.185682
7 4.188145
7 4.190608
7 4.193073
7 4.195539
7 4.198006
7 4.200475
7 4.202945
7 4.205417
7 4.207891
7 4.210366
7 4.212843
7 4.215322
7 4.217803
7 4.220286
7 4.222771
7 4.225258
7 4.227748
7 4.230240
7 4.232735
7 4.235232
7 4.237732
7 4.240235
7 4.242740
7 4.245248
7 4.247759
7 4.250273
7 4.252790
7 4.255310
7 4.257834
7 4.260360
7 4.262890
7 4.265424
7 4.267961
7 4.270501
7 4.273046
7 4.275594
7 4.278145
7 4.280701
7 4.283261
7 4.285825
7 4.288393
7 4.290966
7 4.293542
7 4.296124
7 4.298710
7 4.301300
7 4.303896
7 4.306497
7 4.309102
7 4.311713
7 4.314330
7 4.316951
7 4.319579
7 4.322212
7 4.324852
6 4.327497
6 4.330149
6 4.332807
6 4.335472
6 4.338143
6 4.340821
6 4.343507
6 4.346199
6 4.348899
6 4.351606
6 4.354321
6 4.357043
6 4.359773
6 4.362512
6 4.365259
6 4.368014
6 4.370777
6 4.373549
6 4.376330
6 4.379120
6 4.381919
6 4.384727
6 4.387545
6 4.390373
6 4.393210
6 4.396057
6 4.398914
6 4.401781
6 4.404658
6 4.407546
6 4.410445
6 4.413355
6 4.416275
6 4.419207
6 4.422150
6 4.425105
6 4.428071
6 4.431049
6 4.434039
6 4.437040
6 4.440055
6 4.443081
6 4.446120
6 4.449172
6 4.452237
6 4.455315
6 4.458406
6 4.461510
6 4.464628
6 4.467759
6 4.470904
6 4.474064
6 4.477237
6 4.480424
6 4.483626
6 4.486842
6 4.490073
6 4.493319
6 4.496580
6 4.499856
6 4.503147
6 4.506453
6 4.509775
6 4.513112
6 4.516465
6 4.519834
6 4.523219
6 4.526620
6 4.530037
6 4.533470
6 4.536920
6 4.540386
6 4.543869
6 4.547368
6 4.550884
6 4.554417
6 4.557967
6 4.561533
6 4.565117
6 4.568718
6 4.572336
6 4.575970
6 4.579622
6 4.583292
6 4.586978
6 4.590682
6 4.594404
6 4.598143
6 4.601899
6 4.605673
6 4.609464
6 4.613273
6 4.617100
6 4.620944
6 4.624807
6 4.628687
6 4.632585
6 4.636501
6 4.640435
6 4.644387
6 4.648357
6 4.652346
6 4.656352
6 4.660377
6 4.664420
6 4.668482
6 4.672562
6 4.676660
6 4.680777
6 4.684913
6 4.689067
6 4.693240
6 4.697431
6 4.701641
6 4.705871
6 4.710119
6 4.714386
6 4.718672
6 4.722977
6 4.727301
6 4.731644
6 4.736007
6 4.740388
6 4.744790
6 4.749210
6 4.753650
6 4.758109
6 4.762588
6 4.767087
6 4.771605
6 4.776143
6 4.780701
6 4.785278
6 4.789875
6 4.794493
6 4.799130
6 4.803788
6 4.808466
6 4.813164
6 4.817883
6 4.822623
6 4.827384
6 4.832166
6 4.836969
6 4.841794
6 4.846640
6 4.851508
6 4.856398
6 4.861310
6 4.866245
6 4.871203
6 4.876183
6 4.881186
6 4.886213
6 4.891263
6 4.896337
6 4.901435
6 4.906557
6 4.911703
6 4.916874
6 4.922070
6 4.927291
6 4.932537
6 4.937809
6 4.943107
6 4.948430
6 4.953779
6 4.959155
6 4.964558
6 4.969987
6 4.975443
6 4.980927
6 4.986437
6 4.991976
6 4.997542
6 5.003135
6 5.008757
6 5.014408
6 5.020086
6 5.025794
6 5.031530
6 5.037295
6 5.043088
6 5.048912
6 5.054764
6 5.060646
6 5.066557
6 5.072498
6 5.078469
6 5.084469
6 5.090500
6 5.096560
6 5.102651
6 5.108771
6 5.114922
6 5.121103
6 5.127315
6 5.133556
6 5.139828
6 5.146130
6 5.152463
6 5.158826
6 5.165219
6 5.171643
6 5.178097
6 5.184581
6 5.191095
6 5.197639
6 5.204213
6 5.210818
6 5.217452
6 5.224116
6 5.230809
6 5.237532
6 5.244285
6 5.251067
6 5.257877
6 5.264717
6 5.271586
6 5.278483
6 5.285409
6 5.292363
6 5.299345
6 5.306355
6 5.313392
6 5.320457
6 5.327549
6 5.334668
6 5.341813
6 5.348985
6 5.356183
6 5.363406
6 5.370655
6 5.377929
6 5.385228
6 5.392551
6 5.399899
6 5.407270
6 5.414665
6 5.422083
6 5.429523
6 5.436986
6 5.444470
6 5.451976
6 5.459503
6 5.467051
6 5.474619
6 5.482207
6 5.489814
6 5.497440
5 5.505084
5 5.512746
5 5.520425
5 5.528122
5 5.535835
5 5.544292
5 5.552725
5 5.561132
5 5.569513
5 5.577864
5 5.586184
5 5.594470
5 5.602720
5 5.610932
5 5.619103
5 5.627231
5 5.635315
5 5.643351
5 5.651339
5 5.659275
5 5.667160
5 5.674990
5 5.682764
5 5.690482
5 5.698142
5 5.705743
5 5.713283
5 5.720763
5 5.728180
5 5.735536
5 5.742829
5 5.750058
5 5.757224
5 5.764326
5 5.771364
5 5.778338
5 5.785249
5 5.792095
5 5.798877
5 5.805596
5 5.812251
5 5.818843
5 5.825372
5 5.831839
5 5.838244
5 5.844587
5 5.850868
5 5.857089
5 5.863250
5 5.869351
5 5.875392
5 5.881375
5 5.887300
5 5.893167
5 5.898976
5 5.904729
5 5.910427
5 5.916068
5 5.921655
5 5.927188
5 5.932667
5 5.938092
5 5.943465
5 5.948786
5 5.954056
5 5.959274
5 5.964442
5 5.969560
5 5.974628
5 5.979648
5 5.984619
5 5.989542
5 5.994417
5 5.999246
5 6.004028
5 6.008764
5 6.013455
5 6.018100
5 6.022701
5 6.027257
5 6.031769
5 6.036238
5 6.040664
5 6.045047
5 6.049388
5 6.053686
5 6.057944
5 6.062159
5 6.066334
5 6.070469
5 6.074563
5 6.078617
5 6.082632
5 6.086607
5 6.090543
5 6.094441
5 6.098300
5 6.102121
5 6.105904
5 6.109649
5 6.113357
5 6.117028
5 6.120662
5 6.124260
5 6.127821
5 6.131345
5 6.134834
5 6.138287
5 6.141704
5 6.145086
5 6.148433
5 6.151745
5 6.155022
5 6.158264
5 6.161472
5 6.164645
5 6.167785
5 6.170890
5 6.173962
5 6.177000
5 6.180004
5 6.182975
5 6.185913
5 6.188818
5 6.191689
5 6.194528
5 6.197334
5 6.200108
5 6.202849
5 6.205557
5 6.208234
5 6.210878
5 6.213490
5 6.216070
5 6.218618
5 6.221135
5 6.223619
5 6.226072
5 6.228494
5 6.230884
5 6.233243
5 6.235570
5 6.237866
5 6.240131
5 6.242365
5 6.244568
5 6.246740
5 6.248881
5 6.250992
5 6.253071
5 6.255120
5 6.257138
5 6.259125
5 6.261082
5 6.263009
5 6.264904
5 6.266770
5 6.268605
5 6.270409
5 6.272184
5 6.273928
5 6.275642
5 6.277325
5 6.278979
5 6.280602
5 6.282195
5 6.283758
5 6.285291
5 6.286794
5 6.288266
5 6.289709
5 6.291122
5 6.292505
5 6.293858
5 6.295181
5 6.296474
5 6.297737
5 6.298970
5 6.300173
5 6.301347
5 6.302490
5 6.303604
5 6.304688
5 6.305742
5 6.306766
5 6.307760
5 6.308725
5 6.309660
5 6.310564
5 6.311439
5 6.312285
5 6.313100
5 6.313886
5 6.314641
5 6.315367
5 6.316063
5 6.316729
5 6.317366
5 6.317972
5 6.318549
5 6.319096
5 6.319613
5 6.320100
5 6.320557
5 6.320984
5 6.321382
5 6.321749
5 6.322086
5 6.322394
5 6.322672
5 6.322919
5 6.323137
5 6.323324
5 6.323482
5 6.323610
5 6.323707
5 6.323775
5 6.323812
5 6.323819
5 6.323796
5 6.323743
5 6.323660
5 6.323547
5 6.323403
5 6.323230
5 6.323026
5 6.322792
5 6.322527
5 6.322232
5 6.321907
5 6.321552
5 6.321166
5 6.320750
5 6.320303
5 6.319826
5 6.319319
5 6.318781
5 6.318213
5 6.317614
5 6.316984
5 6.316324
5 6.315634
5 6.314912
5 6.314160
5 6.313378
5 6.312564
5 6.311720
5 6.310846
5 6.309940
5 6.309004
5 6.308036
5 6.307038
5 6.306009
5 6.304949
5 6.303859
5 6.302737
5 6.301584
5 6.300400
5 6.299185
5 6.297939
5 6.296662
5 6.295353
5 6.294014
5 6.292643
5 6.291241
5 6.289808
5 6.288344
5 6.286848
5 6.285320
5 6.283762
5 6.282172
5 6.280550
5 6.278897
5 6.277213
5 6.275497
5 6.273749
5 6.271970
5 6.270159
5 6.268316
5 6.266442
5 6.264536
5 6.262598
5 6.260629
5 6.258627
5 6.256594
5 6.254529
5 6.252431
5 6.250302
5 6.248141
5 6.245948
5 6.243723
5 6.241466
5 6.239176
5 6.236855
5 6.234501
5 6.232115
5 6.229696
5 6.227246
5 6.224763
5 6.222248
5 6.219700
5 6.217120
5 6.214507
5 6.211862
5 6.209185
5 6.206474
5 6.203732
5 6.200956
5 6.198148
5 6.195308
5 6.192434
5 6.189528
5 6.186589
5 6.183617
5 6.180612
5 6.177574
5 6.174504
5 6.171400
5 6.168264
5 6.165094
5 6.161891
5 6.158656
5 6.155387
5 6.152084
5 6.148749
5 6.145381
5 6.141979
5 6.138543
5 6.135075
5 6.131573
5 6.128038
5 6.124469
5 6.120867
5 6.117231
5 6.113561
5 6.109858
5 6.106122
5 6.102352
5 6.098548
5 6.094710
5 6.090839
5 6.086933
5 6.082994
5 6.079021
5 6.075014
5 6.070974
5 6.066899
5 6.062790
5 6.058647
5 6.054470
5 6.050259
5 6.046014
5 6.041735
5 6.037421
5 6.033074
5 6.028691
5 6.024275
5 6.019824
5 6.015339
5 6.010819
5 6.006265
5 6.001677
5 5.997054
5 5.992396
5 5.987704
5 5.982977
5 5.978215
5 5.973419
5 5.968588
5 5.963722
5 5.958821
5 5.953886
5 5.948915
5 5.943910
5 5.938870
4 5.933794
4 5.928684
4 5.923539
4 5.918358
4 5.913142
4 5.907892
4 5.902606
4 5.897284
4 5.891928
4 5.886536
4 5.881109
4 5.875646
4 5.870148
4 5.864615
4 5.859046
4 5.853442
4 5.847802
4 5.842126
4 5.836415
4 5.830668
4 5.824886
4 5.819068
4 5.813214
4 5.807324
4 5.801399
4 5.795438
4 5.789441
4 5.783408
4 5.777339
4 5.771234
4 5.765094
4 5.758917
4 5.752704
4 5.746455
4 5.740171
4 5.733850
4 5.727493
4 5.721099
4 5.714670
4 5.708204
4 5.701702
4 5.695164
4 5.688590
4 5.681979
4 5.675332
4 5.668648
4 5.661929
4 5.655172
4 5.648380
4 5.641550
4 5.634685
4 5.627782
4 5.620844
4 5.613868
4 5.606857
4 5.599808
4 5.592723
4 5.585601
4 5.578443
4 5.571248
4 5.564016
4 5.556747
4 5.549442
4 5.542100
4 5.534721
4 5.527305
4 5.519853
4 5.512363
4 5.504837
4 5.497274
4 5.489674
4 5.482037
4 5.474362
4 5.466651
4 5.458903
4 5.451118
4 5.443296
4 5.435437
4 5.427541
4 5.419608
4 5.411638
4 5.403630
4 5.395586
4 5.387504
4 5.379385
4 5.371229
4 5.363036
4 5.354805
4 5.346538
4 5.338233
4 5.329890
4 5.321511
4 5.313094
4 5.304640
4 5.296149
4 5.287620
4 5.279054
4 5.270451
4 5.261810
4 5.253132
4 5.244416
4 5.235663
4 5.226873
4 5.218045
4 5.209180
4 5.200277
4 5.191337
4 5.182359
4 5.173344
4 5.164291
4 5.155201
4 5.146073
4 5.136908
4 5.127705
4 5.118465
4 5.109187
4 5.099871
4 5.090518
4 5.081127
4 5.071699
4 5.062233
4 5.052729
4 5.043188
4 5.033609
4 5.023992
