376 0.228593
358 0.229682
341 0.230770
327 0.231857
313 0.232945
301 0.234031
289 0.235118
278 0.236204
268 0.237290
259 0.238375
251 0.239460
242 0.240545
235 0.241630
228 0.242714
221 0.243797
215 0.244881
209 0.245964
203 0.247046
198 0.248128
193 0.249210
188 0.250292
183 0.251373
179 0.252454
175 0.253535
171 0.254615
167 0.255695
164 0.256775
160 0.257854
157 0.258933
154 0.260012
151 0.261090
148 0.262168
145 0.263246
142 0.264323
139 0.265400
137 0.266477
134 0.267553
132 0.268630
130 0.269705
128 0.270781
126 0.271856
123 0.272931
121 0.274006
120 0.275080
118 0.276155
116 0.277228
114 0.278302
112 0.279375
111 0.280448
109 0.281521
108 0.282594
106 0.283666
105 0.284738
103 0.285809
102 0.286881
101 0.287952
99 0.289023
98 0.290093
97 0.291164
95 0.292234
94 0.293304
93 0.294373
92 0.295443
91 0.296512
90 0.297581
89 0.298650
88 0.299718
87 0.300786
86 0.301854
85 0.302922
84 0.303989
83 0.305057
82 0.306124
81 0.307191
80 0.308257
79 0.309324
79 0.310390
78 0.311456
77 0.312522
76 0.313588
76 0.314653
75 0.315718
74 0.316783
73 0.317848
73 0.318913
72 0.319977
71 0.321041
71 0.322105
70 0.323169
69 0.324233
69 0.325296
68 0.326360
67 0.327423
67 0.328486
66 0.329549
66 0.330612
65 0.331674
65 0.332736
64 0.333799
64 0.334861
63 0.335922
62 0.336984
62 0.338046
61 0.339107
61 0.340168
61 0.341230
60 0.342291
60 0.343351
59 0.344412
59 0.345473
58 0.346533
58 0.347593
57 0.348653
57 0.349714
56 0.350773
56 0.351833
56 0.352893
55 0.353952
55 0.355012
54 0.356071
54 0.357130
54 0.358189
53 0.359248
53 0.360307
53 0.361366
52 0.362425
52 0.363483
52 0.364542
51 0.365600
51 0.366658
51 0.367716
50 0.368774
50 0.369832
50 0.370890
49 0.371948
49 0.373006
49 0.374063
48 0.375121
48 0.376178
48 0.377236
47 0.378293
47 0.379350
47 0.380408
47 0.381465
46 0.382522
46 0.383579
46 0.384635
45 0.385692
45 0.386749
45 0.387806
45 0.388862
44 0.389919
44 0.390976
44 0.392032
44 0.393088
43 0.394145
43 0.395201
43 0.396257
43 0.397314
42 0.398370
42 0.399426
42 0.400482
42 0.401538
41 0.402594
41 0.403650
41 0.404706
41 0.405762
41 0.406818
40 0.407874
40 0.408930
40 0.409985
40 0.411041
40 0.412097
39 0.413153
39 0.414208
39 0.415264
39 0.416320
39 0.417375
38 0.418431
38 0.419486
38 0.420542
38 0.421598
38 0.422653
37 0.423709
37 0.424764
37 0.425820
37 0.426876
37 0.427931
37 0.428987
36 0.430042
36 0.431098
36 0.432153
36 0.433209
36 0.434264
36 0.435320
35 0.436376
35 0.437431
35 0.438487
35 0.439542
35 0.440598
35 0.441654
34 0.442709
34 0.443765
34 0.444821
34 0.445876
34 0.446932
34 0.447988
34 0.449044
33 0.450099
33 0.451155
33 0.452211
33 0.453267
33 0.454323
33 0.455379
33 0.456435
32 0.457491
32 0.458547
32 0.459603
32 0.460659
32 0.461715
32 0.462771
32 0.463827
31 0.464884
31 0.465940
31 0.466996
31 0.468053
31 0.469109
31 0.470166
31 0.471222
31 0.472279
31 0.473335
30 0.474392
30 0.475449
30 0.476505
30 0.477562
30 0.478619
30 0.479676
30 0.480733
30 0.481790
29 0.482847
29 0.483904
29 0.484961
29 0.486018
29 0.487076
29 0.488133
29 0.489191
29 0.490248
29 0.491306
28 0.492363
28 0.493421
28 0.494478
28 0.495536
28 0.496594
28 0.497652
28 0.498710
28 0.499768
28 0.500826
28 0.501884
27 0.502942
27 0.504001
27 0.505059
27 0.506117
27 0.507176
27 0.508234
27 0.509293
27 0.510351
27 0.511410
27 0.512469
27 0.513528
26 0.514587
26 0.515646
26 0.516705
26 0.517764
26 0.518823
26 0.519882
26 0.520941
26 0.522001
26 0.523060
26 0.524120
26 0.525179
26 0.526239
25 0.527298
25 0.528358
25 0.529418
25 0.530478
25 0.531538
25 0.532598
25 0.533658
25 0.534718
25 0.535778
25 0.536838
25 0.537898
25 0.538958
24 0.540019
24 0.541079
24 0.542140
24 0.543200
24 0.544261
24 0.545321
24 0.546382
24 0.547443
24 0.548503
24 0.549564
24 0.550625
24 0.551686
24 0.552747
24 0.553808
23 0.554869
23 0.555930
23 0.556991
23 0.558052
23 0.559113
23 0.560175
23 0.561236
23 0.562297
23 0.563358
23 0.564420
23 0.565481
23 0.566543
23 0.567604
23 0.568666
22 0.569727
22 0.570789
22 0.571850
22 0.572912
22 0.573973
22 0.575035
22 0.576097
22 0.577158
22 0.578220
22 0.579282
22 0.580344
22 0.581405
22 0.582467
22 0.583529
22 0.584591
22 0.585652
22 0.586714
21 0.587776
21 0.588838
21 0.589900
21 0.590961
21 0.592023
21 0.593085
21 0.594147
21 0.595208
21 0.596270
21 0.597332
21 0.598393
21 0.599455
21 0.600517
21 0.601578
21 0.602640
21 0.603701
21 0.604762
21 0.605824
20 0.606885
20 0.607946
20 0.609008
20 0.610069
20 0.611130
20 0.612191
20 0.613252
20 0.614312
20 0.615373
20 0.616434
20 0.617494
20 0.618554
20 0.619615
20 0.620675
20 0.621735
20 0.622795
20 0.623855
20 0.624914
20 0.625974
19 0.627033
19 0.628092
19 0.629151
19 0.630210
19 0.631269
19 0.632327
19 0.633386
19 0.634444
19 0.635502
19 0.636559
19 0.637617
19 0.638674
19 0.639732
19 0.640788
19 0.641845
19 0.642902
19 0.643958
19 0.645014
19 0.646070
19 0.647125
19 0.648180
19 0.649235
18 0.650290
18 0.651344
18 0.652398
18 0.653452
18 0.654506
18 0.655559
18 0.656612
18 0.657665
18 0.658717
18 0.659769
18 0.660820
18 0.661872
18 0.662923
18 0.663973
18 0.665024
18 0.666073
18 0.667123
18 0.668172
18 0.669221
18 0.670269
18 0.671318
18 0.672365
18 0.673413
18 0.674459
18 0.675506
17 0.676552
17 0.677598
17 0.678643
17 0.679688
17 0.680733
17 0.681777
17 0.682821
17 0.683864
17 0.684907
17 0.685950
17 0.686992
17 0.688034
17 0.689075
17 0.690116
17 0.691157
17 0.692197
17 0.693237
17 0.694277
17 0.695316
17 0.696355
17 0.697393
17 0.698432
17 0.699470
17 0.700508
17 0.701545
17 0.702582
17 0.703619
16 0.704656
16 0.705693
16 0.706730
16 0.707766
16 0.708802
16 0.709839
16 0.710875
16 0.711911
16 0.712948
16 0.713984
16 0.715021
16 0.716058
16 0.717095
16 0.718132
16 0.719170
16 0.720208
16 0.721247
16 0.722286
16 0.723326
16 0.724367
16 0.725408
16 0.726450
16 0.727494
16 0.728538
16 0.729583
16 0.730630
16 0.731677
16 0.732727
16 0.733777
16 0.734830
16 0.735884
16 0.736940
15 0.737998
15 0.739058
15 0.740120
15 0.741185
15 0.742251
15 0.743321
15 0.744393
15 0.745467
15 0.746545
15 0.747625
15 0.748709
15 0.749795
15 0.750884
15 0.751977
15 0.753072
15 0.754394
15 0.755720
15 0.757048
15 0.758380
15 0.759714
15 0.761051
15 0.762391
15 0.763734
15 0.765079
15 0.766427
15 0.767778
15 0.769131
15 0.770487
15 0.771845
15 0.773205
15 0.774567
15 0.775932
15 0.777299
15 0.778668
15 0.780040
14 0.781413
14 0.782788
14 0.784165
14 0.785543
14 0.786924
14 0.788306
14 0.789689
14 0.791075
14 0.792461
14 0.793850
14 0.795239
14 0.796630
14 0.798022
14 0.799415
14 0.800810
14 0.802205
14 0.803602
14 0.804999
14 0.806397
14 0.807796
14 0.809196
14 0.810597
14 0.811998
14 0.813400
14 0.814802
14 0.816205
14 0.817608
14 0.819011
14 0.820415
14 0.821819
14 0.823223
14 0.824627
14 0.826032
14 0.827436
14 0.828840
14 0.830244
14 0.831648
14 0.833052
14 0.834455
14 0.835858
14 0.837260
13 0.838662
13 0.840064
13 0.841464
13 0.842865
13 0.844264
13 0.845663
13 0.847061
13 0.848457
13 0.849853
13 0.851248
13 0.852641
13 0.854033
13 0.855424
13 0.856813
13 0.858201
13 0.859587
13 0.860971
13 0.862354
13 0.863734
13 0.865113
13 0.866489
13 0.867862
13 0.869234
13 0.870603
13 0.871969
13 0.873333
13 0.874693
13 0.876051
13 0.877406
13 0.878758
13 0.880106
13 0.881451
13 0.882792
13 0.884130
13 0.885465
13 0.886795
13 0.888122
13 0.889444
13 0.890763
13 0.892077
13 0.893387
13 0.894692
13 0.895993
13 0.897290
13 0.898582
13 0.899869
13 0.901151
13 0.902428
13 0.903700
12 0.904967
12 0.906228
12 0.907484
12 0.908735
12 0.909981
12 0.911220
12 0.912454
12 0.913683
12 0.914905
12 0.916122
12 0.917333
12 0.918537
12 0.919736
12 0.920928
12 0.922115
12 0.923295
12 0.924468
12 0.925635
12 0.926796
12 0.927950
12 0.929098
12 0.930239
12 0.931374
12 0.932501
12 0.933622
12 0.934736
12 0.935844
12 0.936944
12 0.938038
12 0.939125
12 0.940205
12 0.941277
12 0.942343
12 0.943402
12 0.944454
12 0.945498
12 0.946536
12 0.947566
12 0.948589
12 0.949606
12 0.950615
12 0.951616
12 0.952611
12 0.953599
12 0.954579
12 0.955552
12 0.956518
12 0.957477
12 0.958429
12 0.959374
12 0.960311
12 0.961241
12 0.962165
12 0.963081
12 0.963990
12 0.964892
11 0.965787
11 0.966675
11 0.967556
11 0.968430
11 0.969297
11 0.970157
11 0.971010
11 0.971857
11 0.972697
11 0.973530
11 0.974356
11 0.975175
11 0.975988
11 0.976794
11 0.977594
11 0.978387
11 0.979174
11 0.979954
11 0.980728
11 0.981495
11 0.982257
11 0.983012
11 0.983761
11 0.984503
11 0.985240
11 0.985971
11 0.986696
11 0.987414
11 0.988128
11 0.988835
11 0.989537
11 0.990233
11 0.990923
11 0.991608
11 0.992287
11 0.992962
11 0.993630
11 0.994294
11 0.994952
11 0.995606
11 0.996254
11 0.996897
11 0.997536
11 0.998169
11 0.998798
11 0.999422
11 1.000042
11 1.000657
11 1.001268
11 1.001874
11 1.002477
11 1.003075
11 1.003669
11 1.004258
11 1.004845
11 1.005427
11 1.006005
11 1.006580
11 1.007151
11 1.007719
11 1.008284
11 1.008845
11 1.009403
11 1.009958
11 1.010510
11 1.011059
11 1.011605
11 1.012148
11 1.012689
10 1.013227
10 1.013763
10 1.014296
10 1.014827
10 1.015356
10 1.015882
10 1.016407
10 1.016929
10 1.017450
10 1.017968
10 1.018485
10 1.019001
10 1.019514
10 1.020026
10 1.020537
10 1.021047
10 1.021555
10 1.022062
10 1.022568
10 1.023073
10 1.023577
10 1.024080
10 1.024583
10 1.025085
10 1.025586
10 1.026087
10 1.026588
10 1.027088
10 1.027588
10 1.028088
10 1.028588
10 1.029087
10 1.029587
10 1.030088
10 1.030588
10 1.031089
10 1.031590
10 1.032092
10 1.032594
10 1.033098
10 1.033601
10 1.034106
10 1.034611
10 1.035118
10 1.035625
10 1.036134
10 1.036644
10 1.037155
10 1.037667
10 1.038181
10 1.038696
10 1.039212
10 1.039730
10 1.040250
10 1.040771
10 1.041294
10 1.041819
10 1.042346
10 1.042875
10 1.043405
10 1.043938
10 1.044473
10 1.045010
10 1.045549
10 1.046090
10 1.046634
10 1.047180
10 1.047729
10 1.048280
10 1.048834
10 1.049390
10 1.049949
10 1.050510
10 1.051074
10 1.051642
10 1.052212
10 1.052784
10 1.053360
10 1.053939
10 1.054521
10 1.055106
10 1.055694
10 1.056285
9 1.056880
9 1.057478
9 1.058079
9 1.058684
9 1.059292
9 1.059904
9 1.060520
9 1.061139
9 1.061761
9 1.062388
9 1.063018
9 1.063652
9 1.064290
9 1.064932
9 1.065578
9 1.066228
9 1.066881
9 1.067540
9 1.068202
9 1.068868
9 1.069539
9 1.070213
9 1.070893
9 1.071576
9 1.072264
9 1.072956
9 1.073653
9 1.074354
9 1.075059
9 1.075769
9 1.076484
9 1.077203
9 1.077926
9 1.078654
9 1.079387
9 1.080124
9 1.080866
9 1.081612
9 1.082363
9 1.083119
9 1.083879
9 1.084643
9 1.085412
9 1.086186
9 1.086964
9 1.087747
9 1.088534
9 1.089326
9 1.090122
9 1.090923
9 1.091728
9 1.092537
9 1.093351
9 1.094170
9 1.094993
9 1.095820
9 1.096651
9 1.097487
9 1.098327
9 1.099172
9 1.100021
9 1.100874
9 1.101731
9 1.102592
9 1.103458
9 1.104327
9 1.105201
9 1.106079
9 1.106961
9 1.107847
9 1.108737
9 1.109631
9 1.110528
9 1.111430
9 1.112335
9 1.113244
9 1.114157
9 1.115074
9 1.115994
9 1.116918
9 1.117845
9 1.118776
9 1.119710
9 1.120648
9 1.121589
9 1.122533
9 1.123481
9 1.124432
9 1.125386
9 1.126343
9 1.127303
9 1.128267
9 1.129233
9 1.130202
9 1.131174
9 1.132149
9 1.133126
9 1.134106
9 1.135089
9 1.136075
9 1.137063
9 1.138053
9 1.139046
9 1.140041
8 1.141039
8 1.142038
8 1.143040
8 1.144045
8 1.145051
8 1.146059
8 1.147070
8 1.148082
8 1.149096
8 1.150112
8 1.151130
8 1.152150
8 1.153171
8 1.154195
8 1.155219
8 1.156246
8 1.157274
8 1.158303
8 1.159334
8 1.160367
8 1.161401
8 1.162437
8 1.163473
8 1.164512
8 1.165551
8 1.166592
8 1.167635
8 1.168679
8 1.169724
8 1.170770
8 1.171818
8 1.172867
8 1.173917
8 1.174969
8 1.176022
8 1.177076
8 1.178131
8 1.179188
8 1.180246
8 1.181305
8 1.182366
8 1.183428
8 1.184491
8 1.185555
8 1.186620
8 1.187687
8 1.188755
8 1.189825
8 1.190895
8 1.191967
8 1.193040
8 1.194115
8 1.195190
8 1.196267
8 1.197345
8 1.198425
8 1.199505
8 1.200587
8 1.201670
8 1.202755
8 1.203841
8 1.204928
8 1.206016
8 1.207106
8 1.208197
8 1.209289
8 1.210383
8 1.211478
8 1.212574
8 1.213672
8 1.214771
8 1.215871
8 1.216973
8 1.218076
8 1.219180
8 1.220286
8 1.221392
8 1.222500
8 1.223609
8 1.224719
8 1.225830
8 1.226942
8 1.228055
8 1.229169
8 1.230283
8 1.231398
8 1.232514
8 1.233630
8 1.234747
8 1.235864
8 1.236981
8 1.238099
8 1.239216
8 1.240334
8 1.241452
8 1.242569
8 1.243686
8 1.244803
8 1.245919
8 1.247035
8 1.248150
8 1.249264
8 1.250378
8 1.251491
8 1.252602
8 1.253713
8 1.254822
8 1.255930
8 1.257037
8 1.258142
8 1.259246
8 1.260348
8 1.261448
8 1.262547
8 1.263643
8 1.264738
8 1.265831
8 1.266921
8 1.268010
8 1.269096
8 1.270180
8 1.271261
8 1.272340
8 1.273417
8 1.274491
8 1.275562
8 1.276631
8 1.277697
8 1.278761
8 1.279821
8 1.280879
8 1.281934
8 1.282986
8 1.284035
7 1.285082
7 1.286125
7 1.287165
7 1.288202
7 1.289237
7 1.290268
7 1.291296
7 1.292321
7 1.293343
7 1.294362
7 1.295378
7 1.296391
7 1.297401
7 1.298408
7 1.299411
7 1.300412
7 1.301409
7 1.302404
7 1.303395
7 1.304383
7 1.305369
7 1.306351
7 1.307330
7 1.308306
7 1.309279
7 1.310249
7 1.311216
7 1.312180
7 1.313141
7 1.314099
7 1.315055
7 1.316007
7 1.316956
7 1.317903
7 1.318847
7 1.319788
7 1.320726
7 1.321662
7 1.322595
7 1.323525
7 1.324452
7 1.325377
7 1.326299
7 1.327218
7 1.328135
7 1.329050
7 1.329962
7 1.330871
7 1.331778
7 1.332683
7 1.333585
7 1.334485
7 1.335382
7 1.336277
7 1.337170
7 1.338061
7 1.338949
7 1.339836
7 1.340720
7 1.341602
7 1.342482
7 1.343360
7 1.344235
7 1.345109
7 1.345981
7 1.346851
7 1.347719
7 1.348586
7 1.349450
7 1.350313
7 1.351174
7 1.352033
7 1.352891
7 1.353746
7 1.354601
7 1.355453
7 1.356304
7 1.357154
7 1.358002
7 1.358849
7 1.359694
7 1.360538
7 1.361380
7 1.362222
7 1.363062
7 1.363900
7 1.364738
7 1.365574
7 1.366409
7 1.367243
7 1.368076
7 1.368908
7 1.369739
7 1.370569
7 1.371398
7 1.372226
7 1.373054
7 1.373880
7 1.374706
7 1.375531
7 1.376355
7 1.377179
7 1.378002
7 1.378825
7 1.379647
7 1.380468
7 1.381290
7 1.382110
7 1.382931
7 1.383751
7 1.384571
7 1.385391
7 1.386210
7 1.387030
7 1.387849
7 1.388669
7 1.389488
7 1.390307
7 1.391127
7 1.391947
7 1.392766
7 1.393587
7 1.394407
7 1.395227
7 1.396048
7 1.396869
7 1.397691
7 1.398513
7 1.399335
7 1.400158
7 1.400982
7 1.401806
7 1.402630
7 1.403455
7 1.404281
7 1.405107
7 1.405934
7 1.406762
7 1.407590
7 1.408419
7 1.409249
7 1.410080
7 1.410912
7 1.411744
7 1.412577
7 1.413412
7 1.414247
7 1.415083
7 1.415920
7 1.416758
7 1.417597
7 1.418437
7 1.419278
7 1.420120
7 1.420963
7 1.421808
7 1.422654
7 1.423500
7 1.424349
7 1.425198
7 1.426048
7 1.426900
7 1.427754
7 1.428608
7 1.429464
7 1.430322
7 1.431181
7 1.432041
7 1.432903
7 1.433767
7 1.434632
7 1.435499
7 1.436367
7 1.437238
7 1.438110
7 1.438984
7 1.439860
7 1.440737
7 1.441617
6 1.442499
6 1.443383
6 1.444269
6 1.445157
6 1.446048
6 1.446940
6 1.447836
6 1.448733
6 1.449633
6 1.450535
6 1.451440
6 1.452348
6 1.453258
6 1.454171
6 1.455086
6 1.456005
6 1.456926
6 1.457850
6 1.458777
6 1.459707
6 1.460640
6 1.461576
6 1.462515
6 1.463458
6 1.464403
6 1.465352
6 1.466305
6 1.467260
6 1.468219
6 1.469182
6 1.470148
6 1.471118
6 1.472092
6 1.473069
6 1.474050
6 1.475035
6 1.476024
6 1.477016
6 1.478013
6 1.479013
6 1.480018
6 1.481027
6 1.482040
6 1.483057
6 1.484079
6 1.485105
6 1.486135
6 1.487170
6 1.488209
6 1.489253
6 1.490301
6 1.491355
6 1.492412
6 1.493475
6 1.494542
6 1.495614
6 1.496691
6 1.497773
6 1.498860
6 1.499952
6 1.501049
6 1.502151
6 1.503258
6 1.504371
6 1.505488
6 1.506611
6 1.507740
6 1.508873
6 1.510012
6 1.511157
6 1.512307
6 1.513462
6 1.514623
6 1.515789
6 1.516961
6 1.518139
6 1.519322
6 1.520511
6 1.521706
6 1.522906
6 1.524112
6 1.525323
6 1.526541
6 1.527764
6 1.528993
6 1.530227
6 1.531468
6 1.532714
6 1.533966
6 1.535224
6 1.536488
6 1.537758
6 1.539033
6 1.540315
6 1.541602
6 1.542896
6 1.544195
6 1.545500
6 1.546812
6 1.548129
6 1.549452
6 1.550782
6 1.552117
6 1.553459
6 1.554807
6 1.556161
6 1.557521
6 1.558887
6 1.560259
6 1.561638
6 1.563022
6 1.564413
6 1.565810
6 1.567214
6 1.568624
6 1.570040
6 1.571462
6 1.572891
6 1.574326
6 1.575767
6 1.577215
6 1.578669
6 1.580129
6 1.581597
6 1.583070
6 1.584550
6 1.586036
6 1.587529
6 1.589029
6 1.590535
6 1.592048
6 1.593567
6 1.595093
6 1.596625
6 1.598164
6 1.599710
6 1.601263
6 1.602822
6 1.604388
6 1.605961
6 1.607541
6 1.609128
6 1.610722
6 1.612323
6 1.613931
6 1.615547
6 1.617169
6 1.618799
6 1.620437
6 1.622082
6 1.623734
6 1.625394
6 1.627062
6 1.628738
6 1.630421
6 1.632112
6 1.633812
6 1.635519
6 1.637234
6 1.638958
6 1.640690
6 1.642430
6 1.644179
6 1.645936
6 1.647702
6 1.649477
6 1.651260
6 1.653052
6 1.654853
6 1.656662
6 1.658481
6 1.660309
6 1.662146
6 1.663992
6 1.665847
6 1.667712
6 1.669586
6 1.671469
6 1.673362
6 1.675265
6 1.677177
6 1.679098
6 1.681029
6 1.682971
6 1.684921
6 1.686882
6 1.688852
6 1.690833
6 1.692823
6 1.694823
6 1.696833
6 1.698853
6 1.700884
6 1.702924
6 1.704974
6 1.707034
6 1.709105
6 1.711185
6 1.713276
6 1.715377
6 1.717488
6 1.719609
6 1.721740
6 1.723881
6 1.726032
6 1.728194
6 1.730365
6 1.732546
6 1.734738
6 1.736939
6 1.739151
6 1.741372
6 1.743603
6 1.745844
6 1.748095
6 1.750356
6 1.752626
6 1.754906
6 1.757195
6 1.759494
6 1.761803
6 1.764121
6 1.766448
6 1.768785
6 1.771131
6 1.773486
6 1.775850
6 1.778223
6 1.780604
6 1.782995
6 1.785394
6 1.787802
6 1.790218
6 1.792643
6 1.795076
6 1.797517
6 1.799966
6 1.802423
6 1.804888
6 1.807361
6 1.809841
6 1.812329
6 1.814823
6 1.817325
6 1.819834
6 1.822350
6 1.824873
6 1.827402
6 1.829938
6 1.832480
5 1.835028
5 1.837582
5 1.840142
5 1.842707
5 1.845278
5 1.848097
5 1.850908
5 1.853711
5 1.856504
5 1.859288
5 1.862061
5 1.864823
5 1.867573
5 1.870311
5 1.873034
5 1.875744
5 1.878438
5 1.881117
5 1.883780
5 1.886425
5 1.889053
5 1.891663
5 1.894255
5 1.896827
5 1.899381
5 1.901914
5 1.904428
5 1.906921
5 1.909393
5 1.911845
5 1.914276
5 1.916686
5 1.919075
5 1.921442
5 1.923788
5 1.926113
5 1.928416
5 1.930698
5 1.932959
5 1.935199
5 1.937417
5 1.939614
5 1.941791
5 1.943946
5 1.946081
5 1.948196
5 1.950289
5 1.952363
5 1.954417
5 1.956450
5 1.958464
5 1.960458
5 1.962433
5 1.964389
5 1.966325
5 1.968243
5 1.970142
5 1.972023
5 1.973885
5 1.975729
5 1.977556
5 1.979364
5 1.981155
5 1.982929
5 1.984685
5 1.986425
5 1.988147
5 1.989853
5 1.991543
5 1.993216
5 1.994873
5 1.996514
5 1.998139
5 1.999749
5 2.001343
5 2.002921
5 2.004485
5 2.006033
5 2.007567
5 2.009086
5 2.010590
5 2.012079
5 2.013555
5 2.015016
5 2.016463
5 2.017895
5 2.019315
5 2.020720
5 2.022111
5 2.023490
5 2.024854
5 2.026206
5 2.027544
5 2.028869
5 2.030181
5 2.031480
5 2.032767
5 2.034040
5 2.035301
5 2.036550
5 2.037786
5 2.039009
5 2.040221
5 2.041420
5 2.042607
5 2.043782
5 2.044945
5 2.046096
5 2.047235
5 2.048362
5 2.049478
5 2.050582
5 2.051674
5 2.052755
5 2.053824
5 2.054882
5 2.055928
5 2.056963
5 2.057987
5 2.059000
5 2.060001
5 2.060992
5 2.061971
5 2.062939
5 2.063896
5 2.064843
5 2.065778
5 2.066703
5 2.067616
5 2.068519
5 2.069411
5 2.070293
5 2.071163
5 2.072023
5 2.072873
5 2.073712
5 2.074540
5 2.075357
5 2.076165
5 2.076961
5 2.077748
5 2.078523
5 2.079289
5 2.080044
5 2.080788
5 2.081523
5 2.082247
5 2.082960
5 2.083664
5 2.084357
5 2.085040
5 2.085713
5 2.086375
5 2.087027
5 2.087670
5 2.088301
5 2.088923
5 2.089535
5 2.090136
5 2.090728
5 2.091309
5 2.091881
5 2.092442
5 2.092993
5 2.093534
5 2.094065
5 2.094586
5 2.095097
5 2.095598
5 2.096089
5 2.096570
5 2.097041
5 2.097502
5 2.097953
5 2.098394
5 2.098825
5 2.099246
5 2.099657
5 2.100058
5 2.100449
5 2.100830
5 2.101201
5 2.101563
5 2.101914
5 2.102255
5 2.102587
5 2.102908
5 2.103220
5 2.103521
5 2.103813
5 2.104095
5 2.104367
5 2.104629
5 2.104880
5 2.105122
5 2.105354
5 2.105576
5 2.105789
5 2.105991
5 2.106183
5 2.106365
5 2.106538
5 2.106700
5 2.106852
5 2.106995
5 2.107127
5 2.107250
5 2.107362
5 2.107465
5 2.107557
5 2.107640
5 2.107712
5 2.107775
5 2.107827
5 2.107870
5 2.107902
5 2.107925
5 2.107937
5 2.107940
5 2.107932
5 2.107914
5 2.107887
5 2.107849
5 2.107801
5 2.107743
5 2.107675
5 2.107597
5 2.107509
5 2.107411
5 2.107302
5 2.107184
5 2.107055
5 2.106917
5 2.106768
5 2.106609
5 2.106440
5 2.106260
5 2.106071
5 2.105871
5 2.105661
5 2.105441
5 2.105211
5 2.104971
5 2.104720
5 2.104459
5 2.104188
5 2.103907
5 2.103615
5 2.103313
5 2.103001
5 2.102679
5 2.102346
5 2.102003
5 2.101650
5 2.101286
5 2.100912
5 2.100528
5 2.100133
5 2.099728
5 2.099313
5 2.098887
5 2.098451
5 2.098005
5 2.097548
5 2.097080
5 2.096603
5 2.096115
5 2.095616
5 2.095107
5 2.094587
5 2.094057
5 2.093517
5 2.092966
5 2.092404
5 2.091832
5 2.091250
5 2.090657
5 2.090053
5 2.089439
5 2.088814
5 2.088179
5 2.087533
5 2.086876
5 2.086209
5 2.085531
5 2.084843
5 2.084144
5 2.083434
5 2.082714
5 2.081983
5 2.081241
5 2.080489
5 2.079725
5 2.078952
5 2.078167
5 2.077372
5 2.076565
5 2.075749
5 2.074921
5 2.074083
5 2.073233
5 2.072373
5 2.071502
5 2.070621
5 2.069728
5 2.068825
5 2.067911
5 2.066985
5 2.066049
5 2.065103
5 2.064145
5 2.063176
5 2.062196
5 2.061206
5 2.060204
5 2.059191
5 2.058168
5 2.057133
5 2.056088
5 2.055031
5 2.053964
5 2.052885
5 2.051796
5 2.050695
5 2.049583
5 2.048460
5 2.047326
5 2.046181
5 2.045025
5 2.043858
5 2.042679
5 2.041490
5 2.040289
5 2.039077
5 2.037854
5 2.036619
5 2.035374
5 2.034117
5 2.032849
5 2.031570
5 2.030280
5 2.028978
5 2.027665
5 2.026340
5 2.025005
5 2.023658
5 2.022300
5 2.020930
5 2.019549
5 2.018157
5 2.016753
5 2.015338
5 2.013912
5 2.012474
5 2.011025
5 2.009564
5 2.008092
5 2.006608
5 2.005113
5 2.003606
5 2.002088
5 2.000559
5 1.999018
5 1.997465
5 1.995901
5 1.994326
5 1.992738
5 1.991140
5 1.989529
5 1.987907
5 1.986274
5 1.984629
5 1.982972
5 1.981303
5 1.979623
4 1.977931
4 1.976228
4 1.974513
4 1.972786
4 1.971047
4 1.969297
4 1.967535
4 1.965761
4 1.963976
4 1.962179
4 1.960370
4 1.958549
4 1.956716
4 1.954872
4 1.953015
4 1.951147
4 1.949267
4 1.947375
4 1.945472
4 1.943556
4 1.941629
4 1.939689
4 1.937738
4 1.935775
4 1.933800
4 1.931813
4 1.929814
4 1.927803
4 1.925780
4 1.923745
4 1.921698
4 1.919639
4 1.917568
4 1.915485
4 1.913390
4 1.911283
4 1.909164
4 1.907033
4 1.904890
4 1.902735
4 1.900567
4 1.898388
4 1.896197
4 1.893993
4 1.891777
4 1.889549
4 1.887310
4 1.885057
4 1.882793
4 1.880517
4 1.878228
4 1.875927
4 1.873615
4 1.871289
4 1.868952
4 1.866603
4 1.864241
4 1.861867
4 1.859481
4 1.857083
4 1.854672
4 1.852249
4 1.849814
4 1.847367
4 1.844907
4 1.842435
4 1.839951
4 1.837454
4 1.834946
4 1.832425
4 1.829891
4 1.827346
4 1.824787
4 1.822217
4 1.819634
4 1.817039
4 1.814432
4 1.811812
4 1.809180
4 1.806536
4 1.803879
4 1.801210
4 1.798529
4 1.795835
4 1.793128
4 1.790410
4 1.787679
4 1.784935
4 1.782179
4 1.779411
4 1.776630
4 1.773837
4 1.771031
4 1.768213
4 1.765383
4 1.762540
4 1.759685
4 1.756817
4 1.753937
4 1.751044
4 1.748139
4 1.745221
4 1.742291
4 1.739348
4 1.736393
4 1.733426
4 1.730446
4 1.727453
4 1.724448
4 1.721430
4 1.718400
4 1.715358
4 1.712303
4 1.709235
4 1.706155
4 1.703062
4 1.699957
4 1.696839
4 1.693709
4 1.690566
4 1.687411
4 1.684243
4 1.681063
4 1.677870
4 1.674664
