376 0.106029
358 0.106718
341 0.107406
327 0.108093
313 0.108780
301 0.109465
289 0.110150
278 0.110834
268 0.111518
259 0.112200
251 0.112882
242 0.113563
235 0.114243
228 0.114922
221 0.115600
215 0.116278
209 0.116955
203 0.117631
198 0.118306
193 0.118981
188 0.119654
183 0.120327
179 0.120999
175 0.121670
171 0.122341
167 0.123011
164 0.123679
160 0.124347
157 0.125015
154 0.125681
151 0.126347
148 0.127012
145 0.127676
142 0.128339
139 0.129002
137 0.129663
134 0.130324
132 0.130984
130 0.131644
128 0.132302
126 0.132960
123 0.133617
121 0.134273
120 0.134928
118 0.135583
116 0.136237
114 0.136890
112 0.137542
111 0.138194
109 0.138844
108 0.139494
106 0.140143
105 0.140792
103 0.141439
102 0.142086
101 0.142732
99 0.143377
98 0.144022
97 0.144665
95 0.145308
94 0.145950
93 0.146592
92 0.147232
91 0.147872
90 0.148511
89 0.149149
88 0.149787
87 0.150424
86 0.151060
85 0.151695
84 0.152329
83 0.152963
82 0.153596
81 0.154228
80 0.154859
79 0.155490
79 0.156120
78 0.156749
77 0.157377
76 0.158005
76 0.158631
75 0.159258
74 0.159883
73 0.160507
73 0.161131
72 0.161754
71 0.162376
71 0.162998
70 0.163619
69 0.164239
69 0.164858
68 0.165476
67 0.166094
67 0.166711
66 0.167327
66 0.167943
65 0.168557
65 0.169171
64 0.169784
64 0.170397
63 0.171009
62 0.171620
62 0.172230
61 0.172839
61 0.173448
61 0.174056
60 0.174663
60 0.175270
59 0.175876
59 0.176481
58 0.177085
58 0.177688
57 0.178291
57 0.178893
56 0.179495
56 0.180095
56 0.180695
55 0.181294
55 0.181893
54 0.182490
54 0.183087
54 0.183683
53 0.184279
53 0.184873
53 0.185467
52 0.186061
52 0.186653
52 0.187245
51 0.187836
51 0.188426
51 0.189016
50 0.189605
50 0.190193
50 0.190780
49 0.191367
49 0.191953
49 0.192538
48 0.193123
48 0.193706
48 0.194290
47 0.194872
47 0.195453
47 0.196034
47 0.196615
46 0.197194
46 0.197773
46 0.198351
45 0.198928
45 0.199504
45 0.200080
45 0.200655
44 0.201230
44 0.201804
44 0.202377
44 0.202949
43 0.203520
43 0.204091
43 0.204661
43 0.205231
42 0.205799
42 0.206367
42 0.206934
42 0.207501
41 0.208067
41 0.208632
41 0.209196
41 0.209760
41 0.210323
40 0.210885
40 0.211447
40 0.212008
40 0.212568
40 0.213127
39 0.213686
39 0.214244
39 0.214801
39 0.215358
39 0.215914
38 0.216469
38 0.217024
38 0.217577
38 0.218130
38 0.218683
37 0.219235
37 0.219785
37 0.220336
37 0.220885
37 0.221434
37 0.221982
36 0.222530
36 0.223077
36 0.223623
36 0.224168
36 0.224713
36 0.225257
35 0.225800
35 0.226342
35 0.226884
35 0.227426
35 0.227966
35 0.228506
34 0.229045
34 0.229583
34 0.230121
34 0.230658
34 0.231194
34 0.231730
34 0.232265
33 0.232799
33 0.233332
33 0.233865
33 0.234397
33 0.234929
33 0.235460
33 0.235990
32 0.236519
32 0.237048
32 0.237576
32 0.238103
32 0.238629
32 0.239155
32 0.239680
31 0.240205
31 0.240729
31 0.241252
31 0.241774
31 0.242296
31 0.242817
31 0.243337
31 0.243857
31 0.244376
30 0.244894
30 0.245412
30 0.245929
30 0.246445
30 0.246961
30 0.247476
30 0.247990
30 0.248503
29 0.249016
29 0.249528
29 0.250039
29 0.250550
29 0.251060
29 0.251569
29 0.252078
29 0.252586
29 0.253093
28 0.253600
28 0.254106
28 0.254611
28 0.255115
28 0.255619
28 0.256122
28 0.256625
28 0.257127
28 0.257628
28 0.258128
27 0.258628
27 0.259127
27 0.259625
27 0.260123
27 0.260619
27 0.261116
27 0.261611
27 0.262106
27 0.262600
27 0.263094
27 0.263587
26 0.264079
26 0.264570
26 0.265061
26 0.265551
26 0.266040
26 0.266529
26 0.267017
26 0.267504
26 0.267990
26 0.268476
26 0.268962
26 0.269446
25 0.269930
25 0.270413
25 0.270895
25 0.271377
25 0.271858
25 0.272338
25 0.272818
25 0.273297
25 0.273775
25 0.274253
25 0.274730
25 0.275206
24 0.275681
24 0.276156
24 0.276630
24 0.277103
24 0.277576
24 0.278048
24 0.278519
24 0.278990
24 0.279460
24 0.279929
24 0.280397
24 0.280865
24 0.281332
24 0.281798
23 0.282264
23 0.282729
23 0.283193
23 0.283657
23 0.284120
23 0.284582
23 0.285043
23 0.285504
23 0.285964
23 0.286423
23 0.286882
23 0.287340
23 0.287797
23 0.288253
22 0.288709
22 0.289164
22 0.289618
22 0.290072
22 0.290525
22 0.290977
22 0.291428
22 0.291879
22 0.292329
22 0.292778
22 0.293227
22 0.293675
22 0.294122
22 0.294569
22 0.295014
22 0.295459
22 0.295903
21 0.296347
21 0.296790
21 0.297232
21 0.297673
21 0.298114
21 0.298554
21 0.298993
21 0.299431
21 0.299869
21 0.300306
21 0.300742
21 0.301178
21 0.301613
21 0.302047
21 0.302480
21 0.302912
21 0.303344
21 0.303775
20 0.304206
20 0.304635
20 0.305064
20 0.305492
20 0.305919
20 0.306346
20 0.306772
20 0.307197
20 0.307621
20 0.308045
20 0.308468
20 0.308890
20 0.309311
20 0.309731
20 0.310151
20 0.310570
20 0.310988
20 0.311406
20 0.311823
19 0.312238
19 0.312654
19 0.313068
19 0.313482
19 0.313894
19 0.314306
19 0.314718
19 0.315128
19 0.315538
19 0.315947
19 0.316355
19 0.316762
19 0.317168
19 0.317574
19 0.317979
19 0.318383
19 0.318786
19 0.319189
19 0.319591
19 0.319991
19 0.320391
19 0.320791
18 0.321189
18 0.321587
18 0.321983
18 0.322379
18 0.322774
18 0.323169
18 0.323562
18 0.323955
18 0.324346
18 0.324737
18 0.325127
18 0.325516
18 0.325905
18 0.326292
18 0.326679
18 0.327064
18 0.327449
18 0.327833
18 0.328216
18 0.328599
18 0.328980
18 0.329360
18 0.329740
18 0.330119
18 0.330496
17 0.330873
17 0.331249
17 0.331624
17 0.331998
17 0.332371
17 0.332744
17 0.333115
17 0.333486
17 0.333855
17 0.334224
17 0.334591
17 0.334958
17 0.335324
17 0.335688
17 0.336052
17 0.336415
17 0.336777
17 0.337138
17 0.337498
17 0.337857
17 0.338215
17 0.338572
17 0.338928
17 0.339284
17 0.339638
17 0.339991
17 0.340343
16 0.340695
16 0.341045
16 0.341394
16 0.341743
16 0.342090
16 0.342437
16 0.342782
16 0.343127
16 0.343470
16 0.343813
16 0.344155
16 0.344496
16 0.344836
16 0.345175
16 0.345513
16 0.345851
16 0.346187
16 0.346523
16 0.346858
16 0.347192
16 0.347525
16 0.347858
16 0.348189
16 0.348521
16 0.348851
16 0.349181
16 0.349510
16 0.349839
16 0.350167
16 0.350495
16 0.350822
16 0.351149
15 0.351475
15 0.351801
15 0.352127
15 0.352453
15 0.352778
15 0.353103
15 0.353428
15 0.353753
15 0.354078
15 0.354403
15 0.354728
15 0.355053
15 0.355379
15 0.355704
15 0.356029
15 0.356357
15 0.356685
15 0.357013
15 0.357342
15 0.357671
15 0.358000
15 0.358330
15 0.358660
15 0.358991
15 0.359322
15 0.359654
15 0.359986
15 0.360319
15 0.360652
15 0.360985
15 0.361319
15 0.361653
15 0.361988
15 0.362324
15 0.362659
14 0.362996
14 0.363332
14 0.363670
14 0.364008
14 0.364346
14 0.364685
14 0.365024
14 0.365364
14 0.365704
14 0.366045
14 0.366387
14 0.366729
14 0.367071
14 0.367414
14 0.367758
14 0.368102
14 0.368447
14 0.368792
14 0.369138
14 0.369485
14 0.369832
14 0.370179
14 0.370528
14 0.370876
14 0.371226
14 0.371576
14 0.371926
14 0.372277
14 0.372629
14 0.372981
14 0.373334
14 0.373688
14 0.374042
14 0.374397
14 0.374752
14 0.375108
14 0.375465
14 0.375822
14 0.376179
14 0.376538
14 0.376897
13 0.377256
13 0.377617
13 0.377977
13 0.378339
13 0.378701
13 0.379063
13 0.379427
13 0.379791
13 0.380155
13 0.380520
13 0.380886
13 0.381252
13 0.381619
13 0.381987
13 0.382355
13 0.382723
13 0.383093
13 0.383463
13 0.383833
13 0.384205
13 0.384576
13 0.384949
13 0.385322
13 0.385695
13 0.386070
13 0.386444
13 0.386820
13 0.387196
13 0.387573
13 0.387950
13 0.388328
13 0.388706
13 0.389085
13 0.389465
13 0.389845
13 0.390225
13 0.390607
13 0.390989
13 0.391371
13 0.391754
13 0.392138
13 0.392522
13 0.392907
13 0.393292
13 0.393678
13 0.394064
13 0.394451
13 0.394839
13 0.395227
12 0.395616
12 0.396005
12 0.396394
12 0.396785
12 0.397175
12 0.397566
12 0.397958
12 0.398350
12 0.398743
12 0.399136
12 0.399530
12 0.399924
12 0.400319
12 0.400714
12 0.401110
12 0.401506
12 0.401903
12 0.402300
12 0.402697
12 0.403095
12 0.403494
12 0.403892
12 0.404292
12 0.404691
12 0.405091
12 0.405492
12 0.405893
12 0.406294
12 0.406696
12 0.407098
12 0.407500
12 0.407903
12 0.408306
12 0.408709
12 0.409113
12 0.409517
12 0.409922
12 0.410327
12 0.410732
12 0.411137
12 0.411543
12 0.411949
12 0.412355
12 0.412762
12 0.413169
12 0.413576
12 0.413983
12 0.414391
12 0.414799
12 0.415207
12 0.415615
12 0.416024
12 0.416433
12 0.416842
12 0.417251
12 0.417660
11 0.418070
11 0.418480
11 0.418890
11 0.419300
11 0.419710
11 0.420120
11 0.420531
11 0.420941
11 0.421352
11 0.421763
11 0.422174
11 0.422585
11 0.422996
11 0.423407
11 0.423819
11 0.424230
11 0.424642
11 0.425053
11 0.425465
11 0.425876
11 0.426288
11 0.426699
11 0.427111
11 0.427523
11 0.427935
11 0.428346
11 0.428758
11 0.429170
11 0.429581
11 0.429993
11 0.430404
11 0.430816
11 0.431227
11 0.431639
11 0.432050
11 0.432461
11 0.432872
11 0.433283
11 0.433694
11 0.434105
11 0.434516
11 0.434927
11 0.435337
11 0.435747
11 0.436158
11 0.436568
11 0.436978
11 0.437387
11 0.437797
11 0.438206
11 0.438616
11 0.439025
11 0.439434
11 0.439842
11 0.440251
11 0.440659
11 0.441067
11 0.441475
11 0.441882
11 0.442289
11 0.442697
11 0.443103
11 0.443510
11 0.443916
11 0.444322
11 0.444728
11 0.445133
11 0.445538
11 0.445943
10 0.446348
10 0.446752
10 0.447156
10 0.447560
10 0.447963
10 0.448366
10 0.448768
10 0.449171
10 0.449573
10 0.449974
10 0.450375
10 0.450776
10 0.451177
10 0.451577
10 0.451976
10 0.452376
10 0.452775
10 0.453173
10 0.453571
10 0.453969
10 0.454366
10 0.454763
10 0.455160
10 0.455556
10 0.455951
10 0.456346
10 0.456741
10 0.457135
10 0.457529
10 0.457922
10 0.458315
10 0.458707
10 0.459099
10 0.459490
10 0.459881
10 0.460271
10 0.460661
10 0.461050
10 0.461439
10 0.461827
10 0.462215
10 0.462602
10 0.462988
10 0.463374
10 0.463759
10 0.464144
10 0.464528
10 0.464912
10 0.465295
10 0.465677
10 0.466059
10 0.466440
10 0.466820
10 0.467200
10 0.467579
10 0.467958
10 0.468336
10 0.468713
10 0.469089
10 0.469465
10 0.469840
10 0.470214
10 0.470588
10 0.470961
10 0.471333
10 0.471704
10 0.472075
10 0.472445
10 0.472814
10 0.473182
10 0.473549
10 0.473916
10 0.474282
10 0.474647
10 0.475011
10 0.475374
10 0.475737
10 0.476098
10 0.476459
10 0.476819
10 0.477178
10 0.477536
10 0.477893
9 0.478250
9 0.478605
9 0.478960
9 0.479313
9 0.479666
9 0.480018
9 0.480368
9 0.480718
9 0.481067
9 0.481415
9 0.481761
9 0.482107
9 0.482452
9 0.482796
9 0.483138
9 0.483480
9 0.483821
9 0.484160
9 0.484499
9 0.484836
9 0.485172
9 0.485507
9 0.485842
9 0.486174
9 0.486506
9 0.486837
9 0.487167
9 0.487495
9 0.487822
9 0.488148
9 0.488473
9 0.488797
9 0.489119
9 0.489440
9 0.489761
9 0.490079
9 0.490397
9 0.490713
9 0.491028
9 0.491342
9 0.491655
9 0.491966
9 0.492276
9 0.492585
9 0.492892
9 0.493198
9 0.493503
9 0.493806
9 0.494109
9 0.494409
9 0.494709
9 0.495007
9 0.495304
9 0.495599
9 0.495893
9 0.496186
9 0.496477
9 0.496767
9 0.497055
9 0.497342
9 0.497628
9 0.497912
9 0.498195
9 0.498476
9 0.498756
9 0.499034
9 0.499311
9 0.499587
9 0.499861
9 0.500133
9 0.500404
9 0.500674
9 0.500942
9 0.501209
9 0.501474
9 0.501737
9 0.501999
9 0.502260
9 0.502519
9 0.502776
9 0.503032
9 0.503286
9 0.503539
9 0.503791
9 0.504040
9 0.504288
9 0.504535
9 0.504780
9 0.505024
9 0.505265
9 0.505506
9 0.505744
9 0.505982
9 0.506217
9 0.506451
9 0.506683
9 0.506914
9 0.507143
9 0.507370
9 0.507596
9 0.507820
9 0.508043
9 0.508264
9 0.508483
8 0.508701
8 0.508917
8 0.509131
8 0.509343
8 0.509554
8 0.509763
8 0.509971
8 0.510177
8 0.510381
8 0.510583
8 0.510784
8 0.510982
8 0.511180
8 0.511375
8 0.511568
8 0.511760
8 0.511950
8 0.512139
8 0.512325
8 0.512510
8 0.512692
8 0.512874
8 0.513053
8 0.513230
8 0.513406
8 0.513579
8 0.513751
8 0.513921
8 0.514089
8 0.514255
8 0.514420
8 0.514582
8 0.514742
8 0.514901
8 0.515058
8 0.515212
8 0.515365
8 0.515516
8 0.515665
8 0.515812
8 0.515956
8 0.516099
8 0.516240
8 0.516379
8 0.516516
8 0.516651
8 0.516784
8 0.516915
8 0.517044
8 0.517170
8 0.517295
8 0.517418
8 0.517539
8 0.517657
8 0.517774
8 0.517888
8 0.518001
8 0.518111
8 0.518220
8 0.518326
8 0.518430
8 0.518532
8 0.518632
8 0.518730
8 0.518826
8 0.518920
8 0.519012
8 0.519102
8 0.519190
8 0.519275
8 0.519359
8 0.519440
8 0.519520
8 0.519597
8 0.519672
8 0.519744
8 0.519814
8 0.519882
8 0.519947
8 0.520009
8 0.520069
8 0.520126
8 0.520179
8 0.520230
8 0.520277
8 0.520320
8 0.520361
8 0.520397
8 0.520429
8 0.520458
8 0.520482
8 0.520502
8 0.520517
8 0.520527
8 0.520533
8 0.520534
8 0.520529
8 0.520519
8 0.520503
8 0.520482
8 0.520455
8 0.520421
8 0.520382
8 0.520336
8 0.520283
8 0.520224
8 0.520158
8 0.520084
8 0.520004
8 0.519916
8 0.519820
8 0.519717
8 0.519606
8 0.519487
8 0.519359
8 0.519224
8 0.519080
8 0.518927
8 0.518766
8 0.518596
8 0.518417
8 0.518229
8 0.518031
8 0.517825
8 0.517609
8 0.517384
8 0.517149
8 0.516904
8 0.516649
8 0.516385
8 0.516111
8 0.515827
8 0.515533
8 0.515228
7 0.514914
7 0.514589
7 0.514255
7 0.513909
7 0.513554
7 0.513188
7 0.512812
7 0.512425
7 0.512028
7 0.511621
7 0.511203
7 0.510775
7 0.510337
7 0.509888
7 0.509429
7 0.508959
7 0.508479
7 0.507989
7 0.507489
7 0.506979
7 0.506459
7 0.505928
7 0.505388
7 0.504837
7 0.504277
7 0.503707
7 0.503128
7 0.502539
7 0.501940
7 0.501332
7 0.500715
7 0.500089
7 0.499454
7 0.498810
7 0.498157
7 0.497495
7 0.496825
7 0.496146
7 0.495460
7 0.494765
7 0.494062
7 0.493352
7 0.492634
7 0.491909
7 0.491176
7 0.490436
7 0.489689
7 0.488936
7 0.488176
7 0.487410
7 0.486638
7 0.485859
7 0.485075
7 0.484286
7 0.483491
7 0.482691
7 0.481886
7 0.481076
7 0.480263
7 0.479444
7 0.478622
7 0.477796
7 0.476967
7 0.476134
7 0.475298
7 0.474459
7 0.473618
7 0.472775
7 0.471929
7 0.471082
7 0.470233
7 0.469383
7 0.468531
7 0.467679
7 0.466826
7 0.465973
7 0.465121
7 0.464268
7 0.463416
7 0.462564
7 0.461714
7 0.460865
7 0.460018
7 0.459172
7 0.458329
7 0.457488
7 0.456650
7 0.455815
7 0.454983
7 0.454154
7 0.453330
7 0.452509
7 0.451693
7 0.450881
7 0.450075
7 0.449273
7 0.448477
7 0.447687
7 0.446903
7 0.446125
7 0.445354
7 0.444589
7 0.443832
7 0.443082
7 0.442340
7 0.441606
7 0.440880
7 0.440162
7 0.439454
7 0.438754
7 0.438064
7 0.437383
7 0.436713
7 0.436052
7 0.435402
7 0.434762
7 0.434133
7 0.433516
7 0.432910
7 0.432316
7 0.431734
7 0.431164
7 0.430606
7 0.430061
7 0.429529
7 0.429011
7 0.428506
7 0.428014
7 0.427537
7 0.427074
7 0.426626
7 0.426192
7 0.425773
7 0.425369
7 0.424981
7 0.424608
7 0.424251
7 0.423911
7 0.423587
7 0.423279
7 0.422988
7 0.422714
7 0.422457
7 0.422218
7 0.421997
7 0.421793
7 0.421607
7 0.421440
7 0.421291
7 0.421161
7 0.421050
7 0.420958
7 0.420885
7 0.420831
7 0.420797
7 0.420783
7 0.420790
7 0.420816
7 0.420862
7 0.420930
7 0.421018
7 0.421127
7 0.421257
7 0.421408
7 0.421580
7 0.421774
7 0.421990
7 0.422228
7 0.422488
7 0.422770
7 0.423074
7 0.423401
7 0.423751
7 0.424123
7 0.424518
7 0.424937
7 0.425378
7 0.425843
7 0.426331
6 0.426843
6 0.427379
6 0.427938
6 0.428522
6 0.429129
6 0.429761
6 0.430417
6 0.431097
6 0.431802
6 0.432531
6 0.433285
6 0.434064
6 0.434868
6 0.435697
6 0.436550
6 0.437429
6 0.438333
6 0.439263
6 0.440218
6 0.441198
6 0.442204
6 0.443235
6 0.444292
6 0.445374
6 0.446482
6 0.447616
6 0.448776
6 0.449962
6 0.451174
6 0.452411
6 0.453675
6 0.454964
6 0.456280
6 0.457622
6 0.458990
6 0.460384
6 0.461804
6 0.463250
6 0.464722
6 0.466221
6 0.467746
6 0.469297
6 0.470874
6 0.472478
6 0.474108
6 0.475764
6 0.477446
6 0.479154
6 0.480888
6 0.482649
6 0.484436
6 0.486249
6 0.488087
6 0.489952
6 0.491844
6 0.493761
6 0.495704
6 0.497673
6 0.499667
6 0.501688
6 0.503735
6 0.505807
6 0.507905
6 0.510029
6 0.512178
6 0.514353
6 0.516553
6 0.518779
6 0.521030
6 0.523307
6 0.525609
6 0.527936
6 0.530288
6 0.532665
6 0.535068
6 0.537495
6 0.539947
6 0.542424
6 0.544925
6 0.547451
6 0.550002
6 0.552577
6 0.555177
6 0.557800
6 0.560448
6 0.563120
6 0.565816
6 0.568536
6 0.571280
6 0.574047
6 0.576839
6 0.579653
6 0.582491
6 0.585352
6 0.588237
6 0.591144
6 0.594075
6 0.597028
6 0.600004
6 0.603003
6 0.606024
6 0.609068
6 0.612134
6 0.615222
6 0.618332
6 0.621464
6 0.624618
6 0.627794
6 0.630991
6 0.634209
6 0.637449
6 0.640710
6 0.643992
6 0.647295
6 0.650618
6 0.653962
6 0.657327
6 0.660712
6 0.664117
6 0.667542
6 0.670987
6 0.674452
6 0.677936
6 0.681440
6 0.684963
6 0.688506
6 0.692067
6 0.695648
6 0.699247
6 0.702865
6 0.706501
6 0.710155
6 0.713828
6 0.717519
6 0.721227
6 0.724953
6 0.728697
6 0.732459
6 0.736238
6 0.740034
6 0.743848
6 0.747679
6 0.751527
6 0.755392
6 0.759274
6 0.763173
6 0.767088
6 0.771021
6 0.774970
6 0.778936
6 0.782919
6 0.786918
6 0.790934
6 0.794966
6 0.799014
6 0.803080
6 0.807161
6 0.811259
6 0.815373
6 0.819504
6 0.823650
6 0.827813
6 0.831992
6 0.836187
6 0.840399
6 0.844626
6 0.848869
6 0.853128
6 0.857404
6 0.861695
6 0.866002
6 0.870324
6 0.874663
6 0.879017
6 0.883387
6 0.887772
6 0.892173
6 0.896590
6 0.901022
6 0.905469
6 0.909932
6 0.914409
6 0.918903
6 0.923411
6 0.927934
6 0.932472
6 0.937025
6 0.941593
6 0.946176
6 0.950773
6 0.955385
6 0.960011
6 0.964652
6 0.969306
6 0.973976
6 0.978659
6 0.983356
6 0.988067
6 0.992791
6 0.997530
6 1.002281
6 1.007046
6 1.011825
6 1.016616
6 1.021421
6 1.026238
6 1.031068
6 1.035910
6 1.040765
6 1.045632
6 1.050511
6 1.055403
6 1.060306
6 1.065220
6 1.070146
6 1.075084
6 1.080032
6 1.084991
6 1.089962
6 1.094942
6 1.099933
6 1.104935
6 1.109946
6 1.114967
6 1.119998
6 1.125038
6 1.130087
6 1.135146
6 1.140213
6 1.145289
6 1.150373
6 1.155465
6 1.160565
6 1.165673
6 1.170789
6 1.175911
6 1.181041
6 1.186178
6 1.191321
6 1.196470
6 1.201626
6 1.206788
6 1.211955
6 1.217127
6 1.222305
6 1.227487
6 1.232674
6 1.237866
6 1.243061
6 1.248261
5 1.253464
5 1.258670
5 1.263880
5 1.269092
5 1.274307
5 1.279853
5 1.285384
5 1.290897
5 1.296393
5 1.301868
5 1.307323
5 1.312755
5 1.318163
5 1.323546
5 1.328902
5 1.334229
5 1.339526
5 1.344793
5 1.350026
5 1.355226
5 1.360392
5 1.365521
5 1.370614
5 1.375669
5 1.380685
5 1.385663
5 1.390601
5 1.395498
5 1.400354
5 1.405169
5 1.409943
5 1.414675
5 1.419364
5 1.424012
5 1.428617
5 1.433180
5 1.437700
5 1.442178
5 1.446613
5 1.451007
5 1.455358
5 1.459667
5 1.463935
5 1.468161
5 1.472346
5 1.476490
5 1.480594
5 1.484656
5 1.488679
5 1.492662
5 1.496606
5 1.500510
5 1.504376
5 1.508203
5 1.511992
5 1.515744
5 1.519458
5 1.523135
5 1.526776
5 1.530380
5 1.533948
5 1.537481
5 1.540978
5 1.544441
5 1.547869
5 1.551263
5 1.554623
5 1.557950
5 1.561244
5 1.564504
5 1.567733
5 1.570929
5 1.574093
5 1.577225
5 1.580326
5 1.583397
5 1.586436
5 1.589446
5 1.592425
5 1.595374
5 1.598293
5 1.601184
5 1.604045
5 1.606877
5 1.609681
5 1.612456
5 1.615204
5 1.617923
5 1.620615
5 1.623279
5 1.625916
5 1.628526
5 1.631110
5 1.633666
5 1.636196
5 1.638700
5 1.641178
5 1.643630
5 1.646056
5 1.648457
5 1.650832
5 1.653182
5 1.655507
5 1.657807
5 1.660082
5 1.662333
5 1.664559
5 1.666761
5 1.668939
5 1.671092
5 1.673222
5 1.675327
5 1.677409
5 1.679468
5 1.681503
5 1.683514
5 1.685502
5 1.687467
5 1.689409
5 1.691328
5 1.693224
5 1.695098
5 1.696948
5 1.698776
5 1.700582
5 1.702365
5 1.704126
5 1.705864
5 1.707580
5 1.709274
5 1.710946
5 1.712596
5 1.714224
5 1.715830
5 1.717415
5 1.718977
5 1.720518
5 1.722037
5 1.723535
5 1.725011
5 1.726466
5 1.727899
5 1.729311
5 1.730702
5 1.732071
5 1.733419
5 1.734746
5 1.736052
5 1.737336
5 1.738600
5 1.739842
5 1.741064
5 1.742264
5 1.743444
5 1.744603
5 1.745740
5 1.746857
5 1.747953
5 1.749029
5 1.750083
5 1.751117
5 1.752130
5 1.753122
5 1.754094
5 1.755045
5 1.755975
5 1.756885
5 1.757774
5 1.758643
5 1.759491
5 1.760318
5 1.761125
5 1.761911
5 1.762677
5 1.763422
5 1.764147
5 1.764852
5 1.765535
5 1.766199
5 1.766842
5 1.767464
5 1.768066
5 1.768648
5 1.769209
5 1.769750
5 1.770270
5 1.770770
5 1.771249
5 1.771708
5 1.772147
5 1.772565
5 1.772963
5 1.773340
5 1.773697
5 1.774034
5 1.774350
5 1.774646
5 1.774921
5 1.775176
5 1.775410
5 1.775624
5 1.775818
5 1.775991
5 1.776143
5 1.776276
5 1.776387
5 1.776479
5 1.776550
5 1.776600
5 1.776630
5 1.776639
5 1.776628
5 1.776596
5 1.776544
5 1.776472
5 1.776378
5 1.776265
5 1.776130
5 1.775975
5 1.775800
5 1.775604
5 1.775387
5 1.775150
5 1.774892
5 1.774614
5 1.774314
5 1.773995
5 1.773654
5 1.773293
5 1.772911
5 1.772509
5 1.772085
5 1.771641
5 1.771176
5 1.770691
5 1.770185
5 1.769657
5 1.769109
5 1.768541
5 1.767951
5 1.767341
5 1.766709
5 1.766057
5 1.765384
5 1.764690
5 1.763975
5 1.763239
5 1.762482
5 1.761704
5 1.760905
5 1.760085
5 1.759245
5 1.758383
5 1.757499
5 1.756595
5 1.755670
5 1.754724
5 1.753756
5 1.752767
5 1.751757
5 1.750726
5 1.749674
5 1.748601
5 1.747506
5 1.746390
5 1.745252
5 1.744094
5 1.742914
5 1.741712
5 1.740490
5 1.739245
5 1.737980
5 1.736693
5 1.735385
5 1.734055
5 1.732703
5 1.731331
5 1.729936
5 1.728520
5 1.727083
5 1.725624
5 1.724143
5 1.722641
5 1.721117
5 1.719571
5 1.718004
5 1.716415
5 1.714804
5 1.713171
5 1.711517
5 1.709841
5 1.708143
5 1.706423
5 1.704682
5 1.702918
5 1.701133
5 1.699326
5 1.697496
5 1.695645
5 1.693772
5 1.691877
5 1.689959
5 1.688020
5 1.686059
5 1.684075
5 1.682070
5 1.680042
5 1.677992
5 1.675920
5 1.673826
5 1.671710
5 1.669571
5 1.667410
5 1.665227
5 1.663021
5 1.660793
5 1.658543
5 1.656270
5 1.653975
5 1.651658
5 1.649318
5 1.646956
5 1.644571
5 1.642164
5 1.639734
5 1.637281
5 1.634806
5 1.632309
5 1.629789
5 1.627246
5 1.624680
5 1.622092
5 1.619481
5 1.616847
5 1.614191
5 1.611512
5 1.608810
5 1.606085
5 1.603338
5 1.600567
5 1.597774
5 1.594957
5 1.592118
5 1.589256
5 1.586371
5 1.583463
5 1.580532
5 1.577577
5 1.574600
5 1.571600
5 1.568576
5 1.565530
5 1.562460
5 1.559367
5 1.556251
5 1.553111
5 1.549949
5 1.546763
5 1.543553
5 1.540321
5 1.537065
5 1.533786
5 1.530483
5 1.527157
5 1.523808
5 1.520435
5 1.517038
5 1.513618
5 1.510175
5 1.506708
5 1.503217
5 1.499703
5 1.496165
5 1.492604
5 1.489019
4 1.485410
4 1.481778
4 1.478121
4 1.474441
4 1.470738
4 1.467010
4 1.463259
4 1.459484
4 1.455684
4 1.451861
4 1.448014
4 1.444144
4 1.440249
4 1.436330
4 1.432387
4 1.428420
4 1.424429
4 1.420415
4 1.416376
4 1.412312
4 1.408225
4 1.404114
4 1.399978
4 1.395818
4 1.391634
4 1.387426
4 1.383194
4 1.378937
4 1.374656
4 1.370351
4 1.366021
4 1.361667
4 1.357289
4 1.352886
4 1.348459
4 1.344008
4 1.339532
4 1.335031
4 1.330507
4 1.325957
4 1.321383
4 1.316785
4 1.312162
4 1.307515
4 1.302843
4 1.298146
4 1.293425
4 1.288679
4 1.283909
4 1.279114
4 1.274294
4 1.269449
4 1.264580
4 1.259686
4 1.254768
4 1.249824
4 1.244856
4 1.239863
4 1.234846
4 1.229803
4 1.224736
4 1.219644
4 1.214527
4 1.209385
4 1.204219
4 1.199027
4 1.193811
4 1.188570
4 1.183303
4 1.178012
4 1.172696
4 1.167355
4 1.161989
4 1.156598
4 1.151182
4 1.145741
4 1.140275
4 1.134784
4 1.129268
4 1.123727
4 1.118161
4 1.112569
4 1.106953
4 1.101312
4 1.095645
4 1.089953
4 1.084237
4 1.078495
4 1.072728
4 1.066935
4 1.061118
4 1.055275
4 1.049408
4 1.043515
4 1.037597
4 1.031653
4 1.025685
4 1.019691
4 1.013672
4 1.007628
4 1.001558
4 0.995464
4 0.989343
4 0.983198
4 0.977028
4 0.970832
4 0.964610
4 0.958364
4 0.952092
4 0.945795
4 0.939472
4 0.933125
4 0.926751
4 0.920353
4 0.913929
4 0.907480
4 0.901005
4 0.894505
4 0.887980
4 0.881429
4 0.874853
4 0.868251
4 0.861624
4 0.854972
4 0.848294
