376 0.608619
358 0.612685
341 0.616746
327 0.620802
313 0.624852
301 0.628898
289 0.632939
278 0.636974
268 0.641005
259 0.645030
251 0.649050
242 0.653066
235 0.657076
228 0.661081
221 0.665081
215 0.669076
209 0.673067
203 0.677052
198 0.681032
193 0.685007
188 0.688977
183 0.692942
179 0.696902
175 0.700857
171 0.704807
167 0.708753
164 0.712693
160 0.716628
157 0.720558
154 0.724483
151 0.728403
148 0.732319
145 0.736229
142 0.740134
139 0.744035
137 0.747930
134 0.751821
132 0.755707
130 0.759587
128 0.763463
126 0.767334
123 0.771200
121 0.775061
120 0.778917
118 0.782768
116 0.786614
114 0.790456
112 0.794292
111 0.798124
109 0.801951
108 0.805773
106 0.809590
105 0.813402
103 0.817209
102 0.821012
101 0.824809
99 0.828602
98 0.832390
97 0.836173
95 0.839951
94 0.843725
93 0.847493
92 0.851257
91 0.855016
90 0.858770
89 0.862520
88 0.866264
87 0.870004
86 0.873739
85 0.877469
84 0.881195
83 0.884915
82 0.888631
81 0.892342
80 0.896049
79 0.899750
79 0.903447
78 0.907139
77 0.910826
76 0.914509
76 0.918187
75 0.921860
74 0.925529
73 0.929192
73 0.932851
72 0.936506
71 0.940155
71 0.943800
70 0.947440
69 0.951076
69 0.954707
68 0.958333
67 0.961954
67 0.965571
66 0.969183
66 0.972791
65 0.976394
65 0.979992
64 0.983585
64 0.987174
63 0.990758
62 0.994338
62 0.997913
61 1.001483
61 1.005049
61 1.008610
60 1.012167
60 1.015719
59 1.019266
59 1.022809
58 1.026347
58 1.029880
57 1.033409
57 1.036933
56 1.040453
56 1.043968
56 1.047479
55 1.050985
55 1.054486
54 1.057983
54 1.061476
54 1.064964
53 1.068447
53 1.071926
53 1.075400
52 1.078870
52 1.082335
52 1.085796
51 1.089252
51 1.092703
51 1.096150
50 1.099593
50 1.103031
50 1.106465
49 1.109894
49 1.113319
49 1.116739
48 1.120155
48 1.123566
48 1.126973
47 1.130375
47 1.133773
47 1.137166
47 1.140555
46 1.143939
46 1.147320
46 1.150695
45 1.154066
45 1.157433
45 1.160795
45 1.164153
44 1.167507
44 1.170856
44 1.174200
44 1.177540
43 1.180876
43 1.184208
43 1.187535
43 1.190857
42 1.194175
42 1.197489
42 1.200799
42 1.204104
41 1.207404
41 1.210701
41 1.213993
41 1.217280
41 1.220563
40 1.223842
40 1.227117
40 1.230387
40 1.233653
40 1.236914
39 1.240171
39 1.243424
39 1.246673
39 1.249917
39 1.253157
38 1.256392
38 1.259623
38 1.262850
38 1.266073
38 1.269291
37 1.272505
37 1.275714
37 1.278920
37 1.282121
37 1.285318
37 1.288510
36 1.291698
36 1.294882
36 1.298062
36 1.301237
36 1.304408
36 1.307575
35 1.310737
35 1.313896
35 1.317050
35 1.320199
35 1.323345
35 1.326486
34 1.329623
34 1.332756
34 1.335885
34 1.339009
34 1.342129
34 1.345245
34 1.348356
33 1.351464
33 1.354567
33 1.357666
33 1.360760
33 1.363851
33 1.366937
33 1.370019
32 1.373097
32 1.376171
32 1.379240
32 1.382305
32 1.385366
32 1.388423
32 1.391476
31 1.394524
31 1.397568
31 1.400609
31 1.403644
31 1.406676
31 1.409704
31 1.412727
31 1.415746
31 1.418761
30 1.421772
30 1.424779
30 1.427781
30 1.430780
30 1.433774
30 1.436764
30 1.439750
30 1.442731
29 1.445709
29 1.448682
29 1.451652
29 1.454617
29 1.457578
29 1.460534
29 1.463487
29 1.466436
29 1.469380
28 1.472320
28 1.475256
28 1.478188
28 1.481116
28 1.484040
28 1.486960
28 1.489875
28 1.492786
28 1.495693
28 1.498597
27 1.501495
27 1.504390
27 1.507281
27 1.510167
27 1.513050
27 1.515928
27 1.518802
27 1.521672
27 1.524538
27 1.527400
27 1.530258
26 1.533111
26 1.535961
26 1.538806
26 1.541647
26 1.544484
26 1.547317
26 1.550146
26 1.552971
26 1.555792
26 1.558608
26 1.561420
26 1.564229
25 1.567033
25 1.569833
25 1.572628
25 1.575420
25 1.578208
25 1.580991
25 1.583771
25 1.586546
25 1.589317
25 1.592084
25 1.594847
25 1.597605
24 1.600360
24 1.603110
24 1.605857
24 1.608599
24 1.611337
24 1.614071
24 1.616800
24 1.619526
24 1.622247
24 1.624965
24 1.627678
24 1.630387
24 1.633092
24 1.635792
23 1.638489
23 1.641181
23 1.643869
23 1.646553
23 1.649233
23 1.651908
23 1.654580
23 1.657247
23 1.659910
23 1.662569
23 1.665223
23 1.667874
23 1.670520
23 1.673162
22 1.675800
22 1.678433
22 1.681063
22 1.683688
22 1.686309
22 1.688925
22 1.691538
22 1.694146
22 1.696750
22 1.699349
22 1.701945
22 1.704536
22 1.707122
22 1.709705
22 1.712283
22 1.714857
22 1.717427
21 1.719992
21 1.722553
21 1.725109
21 1.727662
21 1.730209
21 1.732753
21 1.735292
21 1.737827
21 1.740358
21 1.742884
21 1.745405
21 1.747923
21 1.750435
21 1.752944
21 1.755448
21 1.757947
21 1.760443
21 1.762933
20 1.765419
20 1.767901
20 1.770378
20 1.772851
20 1.775319
20 1.777783
20 1.780242
20 1.782697
20 1.785147
20 1.787593
20 1.790033
20 1.792470
20 1.794902
20 1.797329
20 1.799751
20 1.802169
20 1.804582
20 1.806991
20 1.809394
19 1.811794
19 1.814188
19 1.816578
19 1.818963
19 1.821343
19 1.823718
19 1.826089
19 1.828454
19 1.830815
19 1.833171
19 1.835523
19 1.837869
19 1.840210
19 1.842547
19 1.844879
19 1.847205
19 1.849527
19 1.851844
19 1.854155
19 1.856462
19 1.858763
19 1.861060
18 1.863351
18 1.865638
18 1.867919
18 1.870195
18 1.872466
18 1.874731
18 1.876992
18 1.879247
18 1.881497
18 1.883741
18 1.885981
18 1.888215
18 1.890443
18 1.892666
18 1.894884
18 1.897096
18 1.899303
18 1.901504
18 1.903700
18 1.905890
18 1.908075
18 1.910254
18 1.912427
18 1.914595
18 1.916757
17 1.918913
17 1.921064
17 1.923208
17 1.925347
17 1.927481
17 1.929608
17 1.931729
17 1.933844
17 1.935954
17 1.938057
17 1.940155
17 1.942246
17 1.944332
17 1.946411
17 1.948484
17 1.950551
17 1.952612
17 1.954667
17 1.956715
17 1.958757
17 1.960793
17 1.962823
17 1.964847
17 1.966864
17 1.968875
17 1.970879
17 1.972878
16 1.974870
16 1.976856
16 1.978835
16 1.980808
16 1.982775
16 1.984736
16 1.986690
16 1.988639
16 1.990581
16 1.992517
16 1.994446
16 1.996370
16 1.998288
16 2.000200
16 2.002106
16 2.004007
16 2.005901
16 2.007790
16 2.009674
16 2.011553
16 2.013426
16 2.015294
16 2.017157
16 2.019015
16 2.020869
16 2.022719
16 2.024564
16 2.026405
16 2.028243
16 2.030077
16 2.031907
16 2.033735
15 2.035560
15 2.037382
15 2.039202
15 2.041020
15 2.042836
15 2.044650
15 2.046464
15 2.048277
15 2.050088
15 2.051900
15 2.053711
15 2.055522
15 2.057333
15 2.059144
15 2.060955
15 2.062873
15 2.064792
15 2.066713
15 2.068637
15 2.070562
15 2.072490
15 2.074420
15 2.076352
15 2.078286
15 2.080222
15 2.082161
15 2.084102
15 2.086045
15 2.087990
15 2.089938
15 2.091888
15 2.093841
15 2.095796
15 2.097753
15 2.099713
14 2.101676
14 2.103641
14 2.105608
14 2.107578
14 2.109551
14 2.111526
14 2.113504
14 2.115485
14 2.117468
14 2.119454
14 2.121442
14 2.123434
14 2.125427
14 2.127424
14 2.129424
14 2.131426
14 2.133431
14 2.135439
14 2.137449
14 2.139462
14 2.141479
14 2.143498
14 2.145520
14 2.147544
14 2.149572
14 2.151602
14 2.153635
14 2.155671
14 2.157710
14 2.159752
14 2.161797
14 2.163844
14 2.165895
14 2.167948
14 2.170004
14 2.172063
14 2.174125
14 2.176190
14 2.178258
14 2.180328
14 2.182402
13 2.184478
13 2.186557
13 2.188639
13 2.190724
13 2.192811
13 2.194902
13 2.196995
13 2.199091
13 2.201189
13 2.203290
13 2.205394
13 2.207500
13 2.209608
13 2.211719
13 2.213833
13 2.215948
13 2.218066
13 2.220186
13 2.222308
13 2.224432
13 2.226558
13 2.228686
13 2.230816
13 2.232947
13 2.235080
13 2.237215
13 2.239350
13 2.241488
13 2.243626
13 2.245766
13 2.247906
13 2.250048
13 2.252191
13 2.254334
13 2.256478
13 2.258623
13 2.260768
13 2.262914
13 2.265060
13 2.267207
13 2.269353
13 2.271500
13 2.273647
13 2.275793
13 2.277940
13 2.280086
13 2.282231
13 2.284377
13 2.286521
12 2.288666
12 2.290809
12 2.292952
12 2.295093
12 2.297234
12 2.299374
12 2.301512
12 2.303650
12 2.305786
12 2.307921
12 2.310054
12 2.312186
12 2.314316
12 2.316445
12 2.318572
12 2.320697
12 2.322820
12 2.324941
12 2.327061
12 2.329178
12 2.331293
12 2.333406
12 2.335517
12 2.337626
12 2.339732
12 2.341835
12 2.343937
12 2.346036
12 2.348132
12 2.350225
12 2.352316
12 2.354405
12 2.356490
12 2.358573
12 2.360653
12 2.362730
12 2.364804
12 2.366876
12 2.368944
12 2.371009
12 2.373072
12 2.375131
12 2.377187
12 2.379240
12 2.381290
12 2.383337
12 2.385380
12 2.387421
12 2.389458
12 2.391492
12 2.393523
12 2.395550
12 2.397574
12 2.399595
12 2.401613
12 2.403627
11 2.405638
11 2.407646
11 2.409651
11 2.411652
11 2.413650
11 2.415644
11 2.417635
11 2.419623
11 2.421608
11 2.423589
11 2.425568
11 2.427542
11 2.429514
11 2.431482
11 2.433447
11 2.435409
11 2.437368
11 2.439323
11 2.441276
11 2.443225
11 2.445171
11 2.447113
11 2.449053
11 2.450989
11 2.452923
11 2.454853
11 2.456780
11 2.458705
11 2.460626
11 2.462544
11 2.464460
11 2.466372
11 2.468282
11 2.470189
11 2.472092
11 2.473994
11 2.475892
11 2.477788
11 2.479680
11 2.481571
11 2.483458
11 2.485344
11 2.487226
11 2.489106
11 2.490983
11 2.492859
11 2.494731
11 2.496601
11 2.498469
11 2.500335
11 2.502198
11 2.504060
11 2.505919
11 2.507776
11 2.509630
11 2.511483
11 2.513334
11 2.515183
11 2.517030
11 2.518875
11 2.520718
11 2.522560
11 2.524400
11 2.526238
11 2.528075
11 2.529910
11 2.531744
11 2.533577
11 2.535408
10 2.537237
10 2.539066
10 2.540893
10 2.542719
10 2.544544
10 2.546368
10 2.548191
10 2.550013
10 2.551834
10 2.553654
10 2.555473
10 2.557292
10 2.559110
10 2.560928
10 2.562745
10 2.564561
10 2.566377
10 2.568193
10 2.570008
10 2.571823
10 2.573638
10 2.575452
10 2.577267
10 2.579081
10 2.580896
10 2.582710
10 2.584525
10 2.586340
10 2.588155
10 2.589971
10 2.591787
10 2.593604
10 2.595421
10 2.597238
10 2.599057
10 2.600876
10 2.602696
10 2.604516
10 2.606338
10 2.608160
10 2.609984
10 2.611809
10 2.613635
10 2.615462
10 2.617290
10 2.619120
10 2.620951
10 2.622784
10 2.624618
10 2.626453
10 2.628291
10 2.630129
10 2.631970
10 2.633813
10 2.635657
10 2.637503
10 2.639351
10 2.641201
10 2.643053
10 2.644907
10 2.646764
10 2.648622
10 2.650483
10 2.652346
10 2.654211
10 2.656079
10 2.657948
10 2.659821
10 2.661695
10 2.663573
10 2.665452
10 2.667335
10 2.669220
10 2.671107
10 2.672997
10 2.674890
10 2.676786
10 2.678684
10 2.680585
10 2.682489
10 2.684396
10 2.686306
10 2.688218
9 2.690133
9 2.692051
9 2.693972
9 2.695896
9 2.697823
9 2.699753
9 2.701686
9 2.703621
9 2.705560
9 2.707502
9 2.709446
9 2.711393
9 2.713344
9 2.715297
9 2.717253
9 2.719213
9 2.721175
9 2.723140
9 2.725108
9 2.727079
9 2.729052
9 2.731029
9 2.733009
9 2.734991
9 2.736976
9 2.738964
9 2.740955
9 2.742949
9 2.744946
9 2.746945
9 2.748947
9 2.750952
9 2.752960
9 2.754970
9 2.756983
9 2.758999
9 2.761017
9 2.763038
9 2.765061
9 2.767087
9 2.769115
9 2.771146
9 2.773180
9 2.775215
9 2.777253
9 2.779294
9 2.781337
9 2.783382
9 2.785429
9 2.787478
9 2.789530
9 2.791584
9 2.793639
9 2.795697
9 2.797757
9 2.799818
9 2.801882
9 2.803947
9 2.806014
9 2.808082
9 2.810153
9 2.812224
9 2.814298
9 2.816373
9 2.818449
9 2.820527
9 2.822605
9 2.824686
9 2.826767
9 2.828850
9 2.830933
9 2.833018
9 2.835103
9 2.837190
9 2.839277
9 2.841365
9 2.843454
9 2.845544
9 2.847634
9 2.849725
9 2.851816
9 2.853908
9 2.856000
9 2.858093
9 2.860186
9 2.862279
9 2.864372
9 2.866465
9 2.868558
9 2.870652
9 2.872745
9 2.874838
9 2.876931
9 2.879024
9 2.881116
9 2.883208
9 2.885299
9 2.887389
9 2.889479
9 2.891569
9 2.893657
9 2.895745
9 2.897831
9 2.899917
8 2.902001
8 2.904084
8 2.906166
8 2.908246
8 2.910325
8 2.912403
8 2.914478
8 2.916552
8 2.918625
8 2.920695
8 2.922763
8 2.924830
8 2.926894
8 2.928956
8 2.931015
8 2.933072
8 2.935127
8 2.937179
8 2.939229
8 2.941275
8 2.943319
8 2.945360
8 2.947399
8 2.949434
8 2.951466
8 2.953494
8 2.955520
8 2.957542
8 2.959561
8 2.961576
8 2.963588
8 2.965596
8 2.967600
8 2.969600
8 2.971597
8 2.973590
8 2.975578
8 2.977563
8 2.979543
8 2.981519
8 2.983491
8 2.985458
8 2.987421
8 2.989380
8 2.991334
8 2.993283
8 2.995228
8 2.997167
8 2.999102
8 3.001032
8 3.002957
8 3.004877
8 3.006791
8 3.008701
8 3.010605
8 3.012504
8 3.014398
8 3.016286
8 3.018168
8 3.020045
8 3.021917
8 3.023783
8 3.025643
8 3.027497
8 3.029346
8 3.031188
8 3.033025
8 3.034856
8 3.036681
8 3.038499
8 3.040312
8 3.042118
8 3.043917
8 3.045710
8 3.047495
8 3.049273
8 3.051043
8 3.052804
8 3.054556
8 3.056298
8 3.058031
8 3.059752
8 3.061462
8 3.063160
8 3.064845
8 3.066516
8 3.068173
8 3.069815
8 3.071440
8 3.073049
8 3.074640
8 3.076213
8 3.077767
8 3.079300
8 3.080813
8 3.082303
8 3.083771
8 3.085215
8 3.086634
8 3.088028
8 3.089396
8 3.090736
8 3.092049
8 3.093332
8 3.094586
8 3.095809
8 3.097000
8 3.098160
8 3.099286
8 3.100378
8 3.101435
8 3.102456
8 3.103442
8 3.104390
8 3.105300
8 3.106172
8 3.107004
8 3.107796
8 3.108548
8 3.109258
8 3.109926
8 3.110552
8 3.111134
8 3.111673
8 3.112167
8 3.112617
8 3.113021
8 3.113379
8 3.113691
8 3.113957
8 3.114175
8 3.114346
8 3.114469
8 3.114543
7 3.114570
7 3.114547
7 3.114475
7 3.114355
7 3.114184
7 3.113965
7 3.113695
7 3.113375
7 3.113006
7 3.112586
7 3.112117
7 3.111597
7 3.111027
7 3.110407
7 3.109737
7 3.109017
7 3.108247
7 3.107428
7 3.106559
7 3.105640
7 3.104673
7 3.103656
7 3.102591
7 3.101478
7 3.100316
7 3.099107
7 3.097851
7 3.096548
7 3.095198
7 3.093802
7 3.092360
7 3.090873
7 3.089342
7 3.087766
7 3.086147
7 3.084485
7 3.082780
7 3.081034
7 3.079246
7 3.077418
7 3.075551
7 3.073644
7 3.071698
7 3.069715
7 3.067696
7 3.065640
7 3.063548
7 3.061422
7 3.059263
7 3.057071
7 3.054846
7 3.052591
7 3.050306
7 3.047991
7 3.045648
7 3.043278
7 3.040881
7 3.038459
7 3.036013
7 3.033543
7 3.031051
7 3.028538
7 3.026004
7 3.023451
7 3.020881
7 3.018293
7 3.015689
7 3.013070
7 3.010438
7 3.007793
7 3.005137
7 3.002471
7 2.999796
7 2.997112
7 2.994422
7 2.991727
7 2.989027
7 2.986325
7 2.983620
7 2.980915
7 2.978210
7 2.975507
7 2.972808
7 2.970112
7 2.967423
7 2.964740
7 2.962065
7 2.959400
7 2.956745
7 2.954102
7 2.951473
7 2.948858
7 2.946258
7 2.943676
7 2.941113
7 2.938569
7 2.936046
7 2.933545
7 2.931068
7 2.928616
7 2.926190
7 2.923791
7 2.921421
7 2.919082
7 2.916773
7 2.914498
7 2.912256
7 2.910050
7 2.907881
7 2.905749
7 2.903656
7 2.901604
7 2.899594
7 2.897627
7 2.895704
7 2.893826
7 2.891996
7 2.890213
7 2.888480
7 2.886797
7 2.885167
7 2.883589
7 2.882065
7 2.880597
7 2.879186
7 2.877832
7 2.876538
7 2.875304
7 2.874131
7 2.873021
7 2.871975
7 2.870994
7 2.870078
7 2.869230
7 2.868451
7 2.867740
7 2.867100
7 2.866532
7 2.866037
7 2.865615
7 2.865268
7 2.864998
7 2.864804
7 2.864688
7 2.864651
7 2.864694
7 2.864818
7 2.865024
7 2.865313
7 2.865686
7 2.866144
7 2.866688
7 2.867318
7 2.868036
7 2.868843
7 2.869739
7 2.870726
7 2.871804
7 2.872974
7 2.874236
7 2.875593
7 2.877044
7 2.878590
7 2.880233
7 2.881973
7 2.883810
7 2.885746
7 2.887781
7 2.889916
7 2.892151
7 2.894488
7 2.896928
7 2.899469
7 2.902115
7 2.904864
7 2.907718
7 2.910678
7 2.913743
7 2.916915
6 2.920194
6 2.923581
6 2.927076
6 2.930680
6 2.934393
6 2.938217
6 2.942150
6 2.946195
6 2.950351
6 2.954619
6 2.958998
6 2.963491
6 2.968097
6 2.972816
6 2.977649
6 2.982597
6 2.987659
6 2.992836
6 2.998128
6 3.003536
6 3.009060
6 3.014700
6 3.020456
6 3.026330
6 3.032320
6 3.038428
6 3.044653
6 3.050996
6 3.057456
6 3.064035
6 3.070732
6 3.077547
6 3.084481
6 3.091533
6 3.098704
6 3.105994
6 3.113403
6 3.120931
6 3.128578
6 3.136345
6 3.144230
6 3.152234
6 3.160358
6 3.168601
6 3.176963
6 3.185445
6 3.194045
6 3.202765
6 3.211604
6 3.220561
6 3.229638
6 3.238833
6 3.248147
6 3.257580
6 3.267131
6 3.276800
6 3.286588
6 3.296493
6 3.306517
6 3.316658
6 3.326917
6 3.337292
6 3.347785
6 3.358395
6 3.369122
6 3.379965
6 3.390924
6 3.401999
6 3.413190
6 3.424496
6 3.435917
6 3.447453
6 3.459104
6 3.470869
6 3.482748
6 3.494740
6 3.506846
6 3.519065
6 3.531396
6 3.543840
6 3.556395
6 3.569063
6 3.581841
6 3.594731
6 3.607731
6 3.620841
6 3.634060
6 3.647389
6 3.660827
6 3.674374
6 3.688028
6 3.701790
6 3.715660
6 3.729636
6 3.743718
6 3.757906
6 3.772199
6 3.786598
6 3.801100
6 3.815707
6 3.830417
6 3.845230
6 3.860145
6 3.875162
6 3.890281
6 3.905500
6 3.920820
6 3.936240
6 3.951759
6 3.967376
6 3.983092
6 3.998905
6 4.014816
6 4.030823
6 4.046926
6 4.063124
6 4.079417
6 4.095804
6 4.112285
6 4.128859
6 4.145525
6 4.162283
6 4.179133
6 4.196073
6 4.213103
6 4.230222
6 4.247431
6 4.264727
6 4.282111
6 4.299582
6 4.317139
6 4.334782
6 4.352510
6 4.370322
6 4.388218
6 4.406198
6 4.424262
6 4.442407
6 4.460636
6 4.478946
6 4.497338
6 4.515811
6 4.534366
6 4.553002
6 4.571718
6 4.590515
6 4.609392
6 4.628350
6 4.647388
6 4.666506
6 4.685703
6 4.704981
6 4.724338
6 4.743774
6 4.763291
6 4.782886
6 4.802562
6 4.822316
6 4.842150
6 4.862063
6 4.882056
6 4.902127
6 4.922278
6 4.942508
6 4.962816
6 4.983204
6 5.003671
6 5.024216
6 5.044840
6 5.065543
6 5.086325
6 5.107185
6 5.128123
6 5.149140
6 5.170235
6 5.191408
6 5.212658
6 5.233987
6 5.255393
6 5.276876
6 5.298437
6 5.320075
6 5.341789
6 5.363580
6 5.385447
6 5.407390
6 5.429409
6 5.451503
6 5.473673
6 5.495917
6 5.518235
6 5.540628
6 5.563095
6 5.585634
6 5.608247
6 5.630932
6 5.653689
6 5.676518
6 5.699418
6 5.722388
6 5.745429
6 5.768539
6 5.791717
6 5.814965
6 5.838280
6 5.861662
6 5.885111
6 5.908626
6 5.932206
6 5.955851
6 5.979560
6 6.003332
6 6.027166
6 6.051062
6 6.075019
6 6.099035
6 6.123112
6 6.147247
6 6.171439
6 6.195688
6 6.219993
6 6.244353
6 6.268767
6 6.293235
6 6.317754
6 6.342325
6 6.366946
6 6.391617
6 6.416335
6 6.441101
6 6.465913
6 6.490770
6 6.515672
6 6.540616
6 6.565602
6 6.590629
6 6.615695
6 6.640800
6 6.665943
6 6.691121
6 6.716334
6 6.741581
6 6.766861
6 6.792172
6 6.817513
6 6.842882
6 6.868279
6 6.893703
6 6.919151
6 6.944623
5 6.970118
5 6.995633
5 7.021168
5 7.046721
5 7.072292
5 7.099637
5 7.126904
5 7.154090
5 7.181186
5 7.208187
5 7.235085
5 7.261872
5 7.288541
5 7.315085
5 7.341495
5 7.367765
5 7.393888
5 7.419856
5 7.445664
5 7.471305
5 7.496773
5 7.522064
5 7.547173
5 7.572095
5 7.596826
5 7.621363
5 7.645702
5 7.669840
5 7.693776
5 7.717506
5 7.741030
5 7.764346
5 7.787452
5 7.810349
5 7.833034
5 7.855509
5 7.877772
5 7.899825
5 7.921667
5 7.943298
5 7.964721
5 7.985934
5 8.006940
5 8.027739
5 8.048332
5 8.068722
5 8.088909
5 8.108894
5 8.128679
5 8.148267
5 8.167657
5 8.186853
5 8.205855
5 8.224666
5 8.243287
5 8.261720
5 8.279966
5 8.298028
5 8.315908
5 8.333607
5 8.351126
5 8.368468
5 8.385634
5 8.402627
5 8.419448
5 8.436098
5 8.452579
5 8.468893
5 8.485042
5 8.501027
5 8.516850
5 8.532512
5 8.548015
5 8.563361
5 8.578551
5 8.593586
5 8.608468
5 8.623198
5 8.637778
5 8.652209
5 8.666492
5 8.680629
5 8.694621
5 8.708469
5 8.722174
5 8.735738
5 8.749161
5 8.762446
5 8.775592
5 8.788602
5 8.801475
5 8.814214
5 8.826819
5 8.839291
5 8.851631
5 8.863840
5 8.875919
5 8.887869
5 8.899690
5 8.911384
5 8.922951
5 8.934393
5 8.945709
5 8.956901
5 8.967969
5 8.978915
5 8.989738
5 9.000440
5 9.011022
5 9.021483
5 9.031824
5 9.042046
5 9.052151
5 9.062137
5 9.072006
5 9.081759
5 9.091396
5 9.100917
5 9.110322
5 9.119614
5 9.128791
5 9.137854
5 9.146805
5 9.155642
5 9.164368
5 9.172981
5 9.181483
5 9.189873
5 9.198153
5 9.206323
5 9.214382
5 9.222332
5 9.230172
5 9.237904
5 9.245527
5 9.253041
5 9.260447
5 9.267745
5 9.274936
5 9.282020
5 9.288996
5 9.295866
5 9.302629
5 9.309286
5 9.315836
5 9.322281
5 9.328621
5 9.334854
5 9.340983
5 9.347007
5 9.352925
5 9.358739
5 9.364449
5 9.370054
5 9.375555
5 9.380952
5 9.386245
5 9.391434
5 9.396520
5 9.401502
5 9.406381
5 9.411156
5 9.415829
5 9.420398
5 9.424865
5 9.429228
5 9.433489
5 9.437647
5 9.441703
5 9.445657
5 9.449507
5 9.453256
5 9.456902
5 9.460446
5 9.463888
5 9.467228
5 9.470466
5 9.473602
5 9.476636
5 9.479568
5 9.482398
5 9.485127
5 9.487754
5 9.490278
5 9.492702
5 9.495023
5 9.497243
5 9.499361
5 9.501377
5 9.503292
5 9.505105
5 9.506817
5 9.508427
5 9.509935
5 9.511342
5 9.512647
5 9.513850
5 9.514952
5 9.515952
5 9.516850
5 9.517647
5 9.518342
5 9.518935
5 9.519426
5 9.519816
5 9.520103
5 9.520289
5 9.520373
5 9.520355
5 9.520236
5 9.520014
5 9.519690
5 9.519264
5 9.518736
5 9.518106
5 9.517373
5 9.516539
5 9.515602
5 9.514562
5 9.513421
5 9.512177
5 9.510830
5 9.509381
5 9.507829
5 9.506175
5 9.504417
5 9.502557
5 9.500594
5 9.498529
5 9.496360
5 9.494088
5 9.491713
5 9.489235
5 9.486654
5 9.483969
5 9.481181
5 9.478289
5 9.475294
5 9.472195
5 9.468993
5 9.465687
5 9.462277
5 9.458763
5 9.455145
5 9.451423
5 9.447597
5 9.443666
5 9.439631
5 9.435492
5 9.431249
5 9.426900
5 9.422447
5 9.417890
5 9.413227
5 9.408460
5 9.403587
5 9.398610
5 9.393527
5 9.388339
5 9.383046
5 9.377647
5 9.372142
5 9.366532
5 9.360817
5 9.354995
5 9.349067
5 9.343034
5 9.336894
5 9.330648
5 9.324296
5 9.317837
5 9.311272
5 9.304600
5 9.297822
5 9.290937
5 9.283945
5 9.276846
5 9.269639
5 9.262326
5 9.254905
5 9.247377
5 9.239742
5 9.231998
5 9.224147
5 9.216189
5 9.208122
5 9.199948
5 9.191665
5 9.183274
5 9.174775
5 9.166167
5 9.157451
5 9.148626
5 9.139692
5 9.130650
5 9.121498
5 9.112238
5 9.102868
5 9.093390
5 9.083801
5 9.074104
5 9.064296
5 9.054379
5 9.044353
5 9.034216
5 9.023969
5 9.013612
5 9.003145
5 8.992568
5 8.981880
5 8.971082
5 8.960173
5 8.949153
5 8.938022
5 8.926780
5 8.915427
5 8.903963
5 8.892388
5 8.880701
5 8.868903
5 8.856993
5 8.844971
5 8.832837
5 8.820592
5 8.808234
5 8.795764
5 8.783182
5 8.770487
5 8.757680
5 8.744760
5 8.731727
5 8.718582
5 8.705323
5 8.691952
5 8.678467
5 8.664869
5 8.651157
5 8.637332
5 8.623393
5 8.609340
5 8.595174
5 8.580893
5 8.566499
5 8.551990
5 8.537367
5 8.522629
5 8.507777
5 8.492810
5 8.477729
5 8.462532
5 8.447220
5 8.431794
5 8.416252
5 8.400594
5 8.384822
5 8.368933
5 8.352929
5 8.336809
5 8.320573
5 8.304221
5 8.287753
5 8.271169
5 8.254468
5 8.237651
5 8.220717
5 8.203666
5 8.186499
5 8.169214
5 8.151813
5 8.134294
5 8.116658
5 8.098904
5 8.081033
5 8.063045
5 8.044938
4 8.026714
4 8.008371
4 7.989910
4 7.971331
4 7.952634
4 7.933818
4 7.914884
4 7.895831
4 7.876659
4 7.857368
4 7.837958
4 7.818429
4 7.798781
4 7.779013
4 7.759126
4 7.739119
4 7.718992
4 7.698746
4 7.678380
4 7.657894
4 7.637287
4 7.616561
4 7.595714
4 7.574747
4 7.553659
4 7.532450
4 7.511121
4 7.489671
4 7.468100
4 7.446409
4 7.424596
4 7.402661
4 7.380606
4 7.358429
4 7.336131
4 7.313711
4 7.291170
4 7.268506
4 7.245721
4 7.222814
4 7.199785
4 7.176634
4 7.153361
4 7.129966
4 7.106448
4 7.082808
4 7.059045
4 7.035160
4 7.011152
4 6.987021
4 6.962767
4 6.938391
4 6.913891
4 6.889269
4 6.864523
4 6.839654
4 6.814662
4 6.789547
4 6.764308
4 6.738946
4 6.713460
4 6.687850
4 6.662117
4 6.636260
4 6.610279
4 6.584174
4 6.557945
4 6.531592
4 6.505116
4 6.478514
4 6.451789
4 6.424940
4 6.397966
4 6.370867
4 6.343644
4 6.316297
4 6.288825
4 6.261228
4 6.233507
4 6.205661
4 6.177690
4 6.149594
4 6.121373
4 6.093028
4 6.064557
4 6.035961
4 6.007240
4 5.978394
4 5.949422
4 5.920326
4 5.891104
4 5.861756
4 5.832283
4 5.802685
4 5.772961
4 5.743112
4 5.713137
4 5.683036
4 5.652809
4 5.622457
4 5.591979
4 5.561375
4 5.530646
4 5.499790
4 5.468809
4 5.437701
4 5.406467
4 5.375108
4 5.343622
4 5.312010
4 5.280272
4 5.248407
4 5.216417
4 5.184300
4 5.152057
4 5.119687
4 5.087191
4 5.054568
4 5.021819
4 4.988944
4 4.955941
4 4.922813
4 4.889557
4 4.856175
4 4.822667
