376.0 0.608619
358.0 0.612685
341.0 0.616746
327.0 0.620802
313.0 0.624852
301.0 0.628898
289.0 0.632939
278.0 0.636974
268.0 0.641005
259.0 0.64503
251.0 0.64905
242.0 0.653066
235.0 0.657076
228.0 0.661081
221.0 0.665081
215.0 0.669076
209.0 0.673067
203.0 0.677052
198.0 0.681032
193.0 0.685007
188.0 0.688977
183.0 0.692942
179.0 0.696902
175.0 0.700857
171.0 0.704807
167.0 0.708753
164.0 0.712693
160.0 0.716628
157.0 0.720558
154.0 0.724483
151.0 0.728403
148.0 0.732319
145.0 0.736229
142.0 0.740134
139.0 0.744035
137.0 0.74793
134.0 0.751821
132.0 0.755707
130.0 0.759587
128.0 0.763463
126.0 0.767334
123.0 0.7712
121.0 0.775061
120.0 0.778917
118.0 0.782768
116.0 0.786614
114.0 0.790456
112.0 0.794292
111.0 0.798124
109.0 0.801951
108.0 0.805773
106.0 0.80959
105.0 0.813402
103.0 0.817209
102.0 0.821012
101.0 0.824809
99.0 0.828602
98.0 0.83239
97.0 0.836173
95.0 0.839951
94.0 0.843725
93.0 0.847493
92.0 0.851257
91.0 0.855016
90.0 0.85877
89.0 0.86252
88.0 0.866264
87.0 0.870004
86.0 0.873739
85.0 0.877469
84.0 0.881195
83.0 0.884915
82.0 0.888631
81.0 0.892342
80.0 0.896049
79.0 0.9015985
78.0 0.907139
77.0 0.910826
76.0 0.916348
75.0 0.92186
74.0 0.925529
73.0 0.9310215
72.0 0.936506
71.0 0.9419775
70.0 0.94744
69.0 0.9528915
68.0 0.958333
67.0 0.9637625
66.0 0.970987
65.0 0.978193
64.0 0.9853795
63.0 0.990758
62.0 0.9961255
61.0 1.00504733333
60.0 1.013943
59.0 1.0210375
58.0 1.0281135
57.0 1.035171
56.0 1.04396666667
55.0 1.0527355
54.0 1.06147433333
53.0 1.07192433333
52.0 1.08233366667
51.0 1.09270166667
50.0 1.10302966667
49.0 1.11331733333
48.0 1.12356466667
47.0 1.13546725
46.0 1.147318
45.0 1.15911175
44.0 1.17252575
43.0 1.185869
42.0 1.19914175
41.0 1.2139882
40.0 1.2303826
39.0 1.2466684
38.0 1.2628458
37.0 1.28051466667
36.0 1.29964366667
35.0 1.31861883333
34.0 1.33900042857
33.0 1.360752
32.0 1.38229685714
31.0 1.40666211111
30.0 1.432266375
29.0 1.45756388889
28.0 1.4854831
27.0 1.51590736364
26.0 1.54870766667
25.0 1.58235691667
24.0 1.61813007143
23.0 1.65587985714
22.0 1.69669858824
21.0 1.74156205556
20.0 1.78752373684
19.0 1.83659804545
18.0 1.89030268
17.0 1.9462257037
16.0 2.00472040625
15.0 2.06710337143
14.0 2.14167526829
13.0 2.23522814286
12.0 2.34675528571
11.0 2.47154778261
10.0 2.61212945783
9.0 2.79346448077
8.0 3.02660939552
7.0 2.97361273743
6.0 4.460631036
5.0 8.86121543467
4.0 6.581637104
