376.0 0.106029
358.0 0.106718
341.0 0.107406
327.0 0.108093
313.0 0.10878
301.0 0.109465
289.0 0.11015
278.0 0.110834
268.0 0.111518
259.0 0.1122
251.0 0.112882
242.0 0.113563
235.0 0.114243
228.0 0.114922
221.0 0.1156
215.0 0.116278
209.0 0.116955
203.0 0.117631
198.0 0.118306
193.0 0.118981
188.0 0.119654
183.0 0.120327
179.0 0.120999
175.0 0.12167
171.0 0.122341
167.0 0.123011
164.0 0.123679
160.0 0.124347
157.0 0.125015
154.0 0.125681
151.0 0.126347
148.0 0.127012
145.0 0.127676
142.0 0.128339
139.0 0.129002
137.0 0.129663
134.0 0.130324
132.0 0.130984
130.0 0.131644
128.0 0.132302
126.0 0.13296
123.0 0.133617
121.0 0.134273
120.0 0.134928
118.0 0.135583
116.0 0.136237
114.0 0.13689
112.0 0.137542
111.0 0.138194
109.0 0.138844
108.0 0.139494
106.0 0.140143
105.0 0.140792
103.0 0.141439
102.0 0.142086
101.0 0.142732
99.0 0.143377
98.0 0.144022
97.0 0.144665
95.0 0.145308
94.0 0.14595
93.0 0.146592
92.0 0.147232
91.0 0.147872
90.0 0.148511
89.0 0.149149
88.0 0.149787
87.0 0.150424
86.0 0.15106
85.0 0.151695
84.0 0.152329
83.0 0.152963
82.0 0.153596
81.0 0.154228
80.0 0.154859
79.0 0.155805
78.0 0.156749
77.0 0.157377
76.0 0.158318
75.0 0.159258
74.0 0.159883
73.0 0.160819
72.0 0.161754
71.0 0.162687
70.0 0.163619
69.0 0.1645485
68.0 0.165476
67.0 0.1664025
66.0 0.167635
65.0 0.168864
64.0 0.1700905
63.0 0.171009
62.0 0.171925
61.0 0.173447666667
60.0 0.1749665
59.0 0.1761785
58.0 0.1773865
57.0 0.178592
56.0 0.180095
55.0 0.1815935
54.0 0.183086666667
53.0 0.184873
52.0 0.186653
51.0 0.188426
50.0 0.190192666667
49.0 0.191952666667
48.0 0.193706333333
47.0 0.1957435
46.0 0.197772666667
45.0 0.19979175
44.0 0.20209
43.0 0.20437575
42.0 0.20665025
41.0 0.2091956
40.0 0.212007
39.0 0.2148006
38.0 0.2175766
37.0 0.2206095
36.0 0.223894666667
35.0 0.227154
34.0 0.230656571429
33.0 0.234396
32.0 0.238101428571
31.0 0.242293666667
30.0 0.24670125
29.0 0.251057666667
28.0 0.2558681
27.0 0.261112363636
26.0 0.26676875
25.0 0.272574166667
24.0 0.278748857143
23.0 0.285267928571
22.0 0.292320470588
21.0 0.300077777778
20.0 0.308033421053
19.0 0.316542409091
18.0 0.32588224
17.0 0.335659555556
16.0 0.34598403125
15.0 0.357034342857
14.0 0.369871926829
13.0 0.386129591837
12.0 0.406544357143
11.0 0.432034927536
10.0 0.46243846988
9.0 0.494544903846
8.0 0.516932335821
7.0 0.459497530726
6.0 0.737596432
5.0 1.64311286933
4.0 1.198366944
