3.150000e-01 4.233466e-03
2.850000e-01 4.246948e-03
1.800000e-01 4.318470e-03
1.050000e-01 4.355233e-03
1.650000e-01 4.320043e-03
7.500000e-02 4.351910e-03
0.000000e+00 4.378036e-03
4.500000e-02 4.357345e-03
2.250000e-01 4.316392e-03
2.100000e-01 4.306706e-03
2.550000e-01 4.260404e-03
3.000000e-01 4.222025e-03
1.350000e-01 4.348159e-03
2.400000e-01 4.281004e-03
1.500000e-01 4.319242e-03
2.700000e-01 4.251201e-03
1.500000e-02 4.359198e-03
6.000000e-02 nan
4.950000e-01 4.487981e-03
6.150000e-01 5.768848e-03
6.450000e-01 6.396722e-03
1.200000e-01 4.354585e-03
4.350000e-01 4.263017e-03
3.000000e-02 4.379078e-03
5.400000e-01 4.794878e-03
5.100000e-01 4.574898e-03
5.550000e-01 4.944082e-03
1.950000e-01 4.307326e-03
8.250000e-01 1.774686e-02
6.000000e-01 5.517879e-03
4.800000e-01 4.414002e-03
3.900000e-01 4.194538e-03
4.050000e-01 4.230996e-03
3.300000e-01 4.212228e-03
9.000000e-02 4.336970e-03
9.450000e-01 4.221515e-02
4.500000e-01 4.312787e-03
5.850000e-01 5.304625e-03
5.700000e-01 5.112542e-03
3.750000e-01 4.207723e-03
6.300000e-01 6.063906e-03
3.450000e-01 4.223320e-03
4.650000e-01 4.357034e-03
9.750000e-01 4.975587e-02
8.400000e-01 1.987532e-02
7.200000e-01 8.957767e-03
8.700000e-01 2.502187e-02
7.650000e-01 1.165347e-02
8.850000e-01 2.802834e-02
8.100000e-01 1.587879e-02
1.155000e+00 7.104424e-02
4.200000e-01 4.228973e-03
9.300000e-01 3.841712e-02
7.800000e-01 1.284818e-02
9.600000e-01 4.602511e-02
1.275000e+00 5.992478e-02
9.150000e-01 3.478466e-02
3.600000e-01 4.199688e-03
6.600000e-01 6.789445e-03
7.050000e-01 8.294801e-03
5.250000e-01 4.687241e-03
7.350000e-01 9.715252e-03
1.485000e+00 3.746929e-02
6.900000e-01 7.709785e-03
1.050000e+00 6.534540e-02
1.605000e+00 3.010446e-02
7.950000e-01 1.424873e-02
6.750000e-01 7.215053e-03
1.110000e+00 7.106411e-02
7.500000e-01 1.060687e-02
1.140000e+00 7.143736e-02
1.170000e+00 7.036519e-02
1.290000e+00 5.804819e-02
9.900000e-01 5.343927e-02
9.000000e-01 3.125998e-02
1.200000e+00 6.818049e-02
1.215000e+00 6.676187e-02
1.245000e+00 6.349964e-02
1.815000e+00 2.333858e-02
1.095000e+00 7.032091e-02
8.550000e-01 2.230491e-02
1.065000e+00 6.749729e-02
1.005000e+00 5.689896e-02
1.380000e+00 4.728913e-02
1.080000e+00 6.906984e-02
1.035000e+00 6.287960e-02
1.305000e+00 5.617498e-02
1.440000e+00 4.124881e-02
1.260000e+00 6.174286e-02
1.470000e+00 3.865234e-02
1.500000e+00 3.632185e-02
1.320000e+00 5.430876e-02
1.620000e+00 2.942227e-02
1.530000e+00 3.428346e-02
1.020000e+00 6.006284e-02
1.125000e+00 7.144320e-02
1.545000e+00 3.333512e-02
1.710000e+00 2.609193e-02
1.935000e+00 2.100370e-02
2.145000e+00 1.841559e-02
1.335000e+00 5.247672e-02
1.395000e+00 4.565786e-02
1.770000e+00 2.439570e-02
1.830000e+00 2.299351e-02
1.425000e+00 4.266742e-02
1.800000e+00 2.364339e-02
1.410000e+00 4.415397e-02
1.230000e+00 6.520588e-02
1.590000e+00 3.084383e-02
1.635000e+00 2.877756e-02
1.365000e+00 4.897490e-02
1.350000e+00 5.068807e-02
1.665000e+00 2.758755e-02
2.040000e+00 1.947252e-02
1.575000e+00 3.162007e-02
1.725000e+00 2.564114e-02
1.950000e+00 2.076956e-02
1.185000e+00 6.934684e-02
2.265000e+00 1.767861e-02
1.455000e+00 3.992119e-02
1.875000e+00 2.208056e-02
2.130000e+00 1.853967e-02
1.650000e+00 2.818057e-02
2.160000e+00 1.829613e-02
2.475000e+00 1.718813e-02
2.100000e+00 1.882020e-02
1.860000e+00 2.236803e-02
2.280000e+00 1.762272e-02
1.740000e+00 2.519067e-02
1.920000e+00 2.126716e-02
1.785000e+00 2.404240e-02
1.695000e+00 2.657235e-02
1.680000e+00 2.706061e-02
1.755000e+00 2.479953e-02
1.515000e+00 3.529253e-02
1.965000e+00 2.051649e-02
2.055000e+00 1.928824e-02
1.560000e+00 3.244378e-02
1.980000e+00 2.029358e-02
1.905000e+00 2.150294e-02
2.430000e+00 1.725410e-02
2.250000e+00 1.774368e-02
2.460000e+00 1.714307e-02
2.070000e+00 1.910596e-02
1.995000e+00 2.005282e-02
2.595000e+00 1.700436e-02
2.805000e+00 1.684388e-02
2.310000e+00 1.752780e-02
2.085000e+00 1.894651e-02
2.025000e+00 1.965615e-02
2.490000e+00 1.709956e-02
1.845000e+00 2.268549e-02
2.205000e+00 1.795968e-02
1.890000e+00 2.180300e-02
2.190000e+00 1.809834e-02
2.115000e+00 1.870124e-02
2.385000e+00 1.728319e-02
2.295000e+00 1.756382e-02
2.610000e+00 1.695618e-02
2.010000e+00 1.986659e-02
2.370000e+00 1.734148e-02
2.175000e+00 1.814162e-02
2.415000e+00 1.718791e-02
2.355000e+00 1.738159e-02
2.445000e+00 1.712194e-02
2.325000e+00 1.749998e-02
2.400000e+00 1.726497e-02
2.235000e+00 1.782980e-02
2.220000e+00 1.789773e-02
2.925000e+00 1.682916e-02
2.580000e+00 1.695655e-02
2.535000e+00 1.696417e-02
2.640000e+00 1.687895e-02
2.790000e+00 1.680074e-02
2.760000e+00 1.684043e-02
2.520000e+00 1.704329e-02
2.700000e+00 1.689147e-02
2.505000e+00 1.706142e-02
2.745000e+00 1.688546e-02
2.340000e+00 1.742085e-02
2.565000e+00 1.701296e-02
2.685000e+00 1.691975e-02
2.655000e+00 1.692958e-02
2.625000e+00 1.694739e-02
2.775000e+00 1.690317e-02
2.940000e+00 1.686406e-02
2.910000e+00 1.687232e-02
2.820000e+00 1.699194e-02
2.865000e+00 1.682114e-02
2.715000e+00 1.691630e-02
2.730000e+00 1.686216e-02
2.835000e+00 1.504682e-02
2.850000e+00 1.691964e-02
2.970000e+00 1.693914e-02
2.895000e+00 1.685849e-02
2.550000e+00 1.706872e-02
2.670000e+00 1.689725e-02
2.955000e+00 1.678719e-02
2.985000e+00 1.662016e-02
2.880000e+00 1.685051e-02
3.000000e+00 1.682150e-02
