9.000000e-02 nan
1.500000e-01 nan
4.500000e-02 nan
3.000000e-01 1.074899e-01
1.350000e-01 nan
1.200000e-01 nan
2.250000e-01 nan
1.050000e-01 nan
1.950000e-01 1.117772e-01
0.000000e+00 nan
3.300000e-01 1.056583e-01
2.850000e-01 nan
7.500000e-02 nan
2.100000e-01 1.111658e-01
2.400000e-01 nan
6.000000e-02 nan
1.650000e-01 nan
2.700000e-01 1.088869e-01
1.500000e-02 nan
1.800000e-01 nan
2.550000e-01 nan
3.150000e-01 nan
4.650000e-01 nan
4.350000e-01 nan
6.750000e-01 1.109450e-01
3.000000e-02 nan
4.050000e-01 1.014264e-01
4.800000e-01 9.787678e-02
5.700000e-01 9.851204e-02
5.400000e-01 9.732418e-02
6.450000e-01 1.056348e-01
5.550000e-01 9.786252e-02
4.500000e-01 9.902291e-02
4.200000e-01 1.004372e-01
4.950000e-01 9.766933e-02
5.100000e-01 9.730023e-02
8.100000e-01 1.585137e-01
3.450000e-01 1.047732e-01
3.900000e-01 nan
6.150000e-01 1.019015e-01
5.850000e-01 9.931011e-02
3.600000e-01 nan
6.300000e-01 1.035573e-01
5.250000e-01 nan
8.850000e-01 2.031781e-01
1.020000e+00 2.695301e-01
6.000000e-01 1.004227e-01
9.150000e-01 2.223891e-01
8.400000e-01 1.753759e-01
6.600000e-01 1.079964e-01
8.250000e-01 1.665161e-01
7.500000e-01 1.316939e-01
1.155000e+00 2.528516e-01
7.950000e-01 1.508137e-01
9.900000e-01 2.607755e-01
7.800000e-01 1.439006e-01
8.550000e-01 1.844196e-01
3.750000e-01 1.030649e-01
9.600000e-01 2.477313e-01
7.350000e-01 1.266402e-01
9.000000e-01 2.130293e-01
6.900000e-01 1.140311e-01
9.300000e-01 2.314156e-01
1.230000e+00 2.145797e-01
1.365000e+00 1.390589e-01
9.750000e-01 2.546291e-01
8.700000e-01 1.937391e-01
1.005000e+00 2.658104e-01
7.650000e-01 1.374878e-01
9.450000e-01 2.398711e-01
1.200000e+00 2.312070e-01
1.260000e+00 1.973316e-01
1.185000e+00 2.389783e-01
1.140000e+00 2.586943e-01
1.170000e+00 2.462519e-01
7.050000e-01 1.177023e-01
1.500000e+00 8.415204e-02
1.335000e+00 1.546897e-01
1.305000e+00 1.713021e-01
7.200000e-01 1.220442e-01
1.035000e+00 2.722125e-01
1.125000e+00 2.637969e-01
1.095000e+00 2.709905e-01
1.575000e+00 6.381087e-02
1.080000e+00 2.730781e-01
1.485000e+00 8.902108e-02
1.320000e+00 1.628158e-01
1.290000e+00 1.797671e-01
1.350000e+00 1.467052e-01
1.710000e+00 4.069501e-02
1.605000e+00 5.737340e-02
1.215000e+00 2.231568e-01
1.845000e+00 2.818132e-02
1.515000e+00 7.953511e-02
1.065000e+00 2.739470e-01
1.245000e+00 2.059516e-01
1.050000e+00 2.737537e-01
1.275000e+00 1.885863e-01
1.680000e+00 4.466393e-02
1.920000e+00 2.367682e-02
1.530000e+00 7.520303e-02
1.545000e+00 7.118815e-02
2.055000e+00 1.809942e-02
1.470000e+00 9.418155e-02
1.650000e+00 4.922485e-02
1.635000e+00 5.174459e-02
1.665000e+00 4.682755e-02
1.950000e+00 2.218988e-02
1.440000e+00 1.053978e-01
1.110000e+00 2.678796e-01
1.380000e+00 1.316752e-01
1.830000e+00 2.924071e-02
1.425000e+00 1.115116e-01
1.875000e+00 2.618262e-02
1.395000e+00 1.246422e-01
1.860000e+00 2.716189e-02
2.190000e+00 1.467759e-02
1.695000e+00 4.258842e-02
2.265000e+00 1.342028e-02
1.590000e+00 6.047734e-02
2.025000e+00 1.912958e-02
1.890000e+00 2.531998e-02
1.560000e+00 6.736367e-02
1.815000e+00 3.039438e-02
1.410000e+00 1.179290e-01
1.995000e+00 2.024729e-02
1.620000e+00 5.445953e-02
1.455000e+00 9.965357e-02
2.295000e+00 1.297767e-02
2.400000e+00 1.183414e-02
1.980000e+00 2.085564e-02
2.010000e+00 1.966309e-02
2.205000e+00 1.439837e-02
2.175000e+00 1.497791e-02
1.725000e+00 3.890842e-02
1.740000e+00 3.723456e-02
2.040000e+00 1.859939e-02
1.935000e+00 2.291880e-02
2.235000e+00 1.390879e-02
2.220000e+00 1.413427e-02
1.905000e+00 2.448449e-02
1.770000e+00 3.422116e-02
2.160000e+00 1.528540e-02
2.535000e+00 1.081961e-02
1.785000e+00 3.286422e-02
1.755000e+00 3.567813e-02
1.965000e+00 2.149909e-02
2.370000e+00 1.211402e-02
2.325000e+00 1.262611e-02
2.610000e+00 1.045276e-02
2.340000e+00 1.245234e-02
2.385000e+00 1.196172e-02
1.800000e+00 3.157352e-02
2.070000e+00 1.762045e-02
2.550000e+00 1.072288e-02
2.115000e+00 1.635292e-02
2.640000e+00 1.029111e-02
2.250000e+00 1.364869e-02
2.520000e+00 1.087275e-02
2.745000e+00 nan
2.085000e+00 1.718503e-02
2.280000e+00 1.319720e-02
2.355000e+00 1.227557e-02
2.100000e+00 1.674804e-02
2.505000e+00 1.105442e-02
2.580000e+00 1.056571e-02
2.880000e+00 9.657359e-03
2.145000e+00 1.562764e-02
2.685000e+00 1.013447e-02
2.310000e+00 1.279913e-02
2.565000e+00 1.063920e-02
2.955000e+00 9.829083e-03
2.730000e+00 9.931179e-03
2.415000e+00 1.169506e-02
2.715000e+00 1.002865e-02
2.130000e+00 1.599048e-02
2.430000e+00 1.157009e-02
2.460000e+00 1.133494e-02
2.670000e+00 1.022800e-02
2.595000e+00 1.047791e-02
2.865000e+00 9.701996e-03
2.445000e+00 1.143580e-02
2.850000e+00 9.718877e-03
2.490000e+00 1.113482e-02
2.925000e+00 9.617471e-03
2.700000e+00 1.003176e-02
2.895000e+00 9.607798e-03
2.655000e+00 1.023899e-02
2.985000e+00 9.441175e-03
2.625000e+00 1.032279e-02
2.910000e+00 9.625333e-03
2.805000e+00 9.799645e-03
2.475000e+00 1.123201e-02
2.760000e+00 9.871524e-03
2.940000e+00 9.546963e-03
2.835000e+00 9.705533e-03
2.775000e+00 9.877364e-03
2.790000e+00 9.845662e-03
3.000000e+00 9.549531e-03
2.970000e+00 9.542315e-03
2.820000e+00 9.894188e-03
