2.100000e-01 9.327799e-03
2.550000e-01 9.214194e-03
1.650000e-01 9.393497e-03
2.400000e-01 9.247954e-03
2.700000e-01 9.139538e-03
3.000000e-02 9.509169e-03
2.850000e-01 9.092790e-03
1.800000e-01 9.348313e-03
0.000000e+00 9.597456e-03
2.250000e-01 9.291296e-03
1.950000e-01 9.354652e-03
7.500000e-02 9.518567e-03
1.200000e-01 9.453383e-03
1.500000e-01 9.387497e-03
4.500000e-02 9.464759e-03
6.000000e-02 9.506526e-03
9.000000e-02 9.462142e-03
1.500000e-02 9.477464e-03
1.350000e-01 9.438572e-03
5.100000e-01 8.151487e-03
4.200000e-01 8.380881e-03
4.650000e-01 8.193047e-03
3.450000e-01 8.786569e-03
5.550000e-01 8.327815e-03
5.250000e-01 8.175888e-03
1.050000e-01 9.459083e-03
5.700000e-01 8.445889e-03
4.500000e-01 8.241647e-03
3.300000e-01 8.841290e-03
3.000000e-01 9.009368e-03
4.800000e-01 8.170506e-03
5.850000e-01 8.589235e-03
3.750000e-01 8.617823e-03
3.600000e-01 8.701656e-03
4.350000e-01 8.297792e-03
7.200000e-01 1.232777e-02
4.950000e-01 8.147423e-03
3.900000e-01 8.541974e-03
5.400000e-01 8.239839e-03
3.150000e-01 8.926496e-03
6.450000e-01 9.611202e-03
7.650000e-01 1.530352e-02
1.020000e+00 6.790406e-02
7.800000e-01 1.663498e-02
8.100000e-01 1.999479e-02
7.500000e-01 1.416338e-02
8.700000e-01 3.015343e-02
6.600000e-01 9.997575e-03
8.550000e-01 2.711996e-02
8.850000e-01 3.345032e-02
4.050000e-01 8.447994e-03
6.750000e-01 1.044613e-02
6.000000e-01 8.783335e-03
7.350000e-01 1.317273e-02
7.950000e-01 1.818057e-02
9.450000e-01 4.895767e-02
8.400000e-01 2.444309e-02
8.250000e-01 2.208194e-02
6.900000e-01 1.099240e-02
1.110000e+00 7.826702e-02
6.300000e-01 9.288656e-03
1.065000e+00 7.529874e-02
6.150000e-01 9.008622e-03
1.050000e+00 7.334701e-02
9.750000e-01 5.711959e-02
9.600000e-01 5.304389e-02
1.140000e+00 7.778771e-02
1.320000e+00 5.383513e-02
9.000000e-01 3.701687e-02
7.050000e-01 1.160605e-02
1.155000e+00 7.692548e-02
9.900000e-01 6.099502e-02
1.035000e+00 7.089238e-02
1.245000e+00 6.583642e-02
9.150000e-01 4.082440e-02
1.170000e+00 7.567821e-02
1.410000e+00 4.125447e-02
1.350000e+00 4.929278e-02
1.275000e+00 6.103562e-02
1.080000e+00 7.685496e-02
1.620000e+00 2.424559e-02
1.200000e+00 7.231514e-02
1.095000e+00 7.782687e-02
9.300000e-01 4.485241e-02
1.005000e+00 6.461773e-02
1.125000e+00 7.825334e-02
1.290000e+00 5.863679e-02
1.440000e+00 3.779761e-02
1.185000e+00 7.416930e-02
1.260000e+00 6.345473e-02
1.365000e+00 4.715167e-02
1.710000e+00 2.069248e-02
1.455000e+00 3.621301e-02
1.650000e+00 2.289715e-02
1.215000e+00 7.032160e-02
1.335000e+00 5.156124e-02
1.305000e+00 5.621193e-02
1.545000e+00 2.861696e-02
1.230000e+00 6.810756e-02
1.560000e+00 2.761168e-02
1.575000e+00 2.667031e-02
1.395000e+00 4.311767e-02
1.485000e+00 3.337085e-02
1.470000e+00 3.472857e-02
1.515000e+00 3.083048e-02
1.635000e+00 2.355582e-02
1.380000e+00 4.510618e-02
1.920000e+00 1.602735e-02
2.010000e+00 1.472927e-02
1.500000e+00 3.205008e-02
1.755000e+00 1.938560e-02
1.425000e+00 3.946148e-02
1.950000e+00 1.556719e-02
1.590000e+00 2.581184e-02
1.605000e+00 2.500507e-02
1.665000e+00 2.228190e-02
1.770000e+00 1.900190e-02
1.815000e+00 1.796058e-02
1.785000e+00 1.863604e-02
1.740000e+00 1.979237e-02
1.695000e+00 2.119290e-02
1.530000e+00 2.966630e-02
2.310000e+00 1.242607e-02
1.935000e+00 1.578175e-02
1.680000e+00 2.170600e-02
1.725000e+00 2.023323e-02
1.860000e+00 1.706256e-02
1.800000e+00 1.829957e-02
1.905000e+00 1.627050e-02
1.875000e+00 1.679354e-02
1.845000e+00 1.733554e-02
2.115000e+00 1.360438e-02
1.890000e+00 1.650605e-02
1.995000e+00 1.492109e-02
2.055000e+00 1.419175e-02
1.830000e+00 1.764410e-02
2.220000e+00 1.283998e-02
1.980000e+00 1.514000e-02
2.250000e+00 1.267462e-02
2.025000e+00 1.452760e-02
2.070000e+00 1.401759e-02
2.160000e+00 1.323002e-02
2.235000e+00 1.272238e-02
2.040000e+00 1.437676e-02
1.965000e+00 1.534327e-02
2.085000e+00 1.387582e-02
2.610000e+00 1.182815e-02
2.415000e+00 1.211140e-02
2.130000e+00 1.345499e-02
2.175000e+00 1.313234e-02
2.340000e+00 1.233140e-02
2.100000e+00 1.373144e-02
2.520000e+00 1.191261e-02
2.550000e+00 1.189600e-02
2.145000e+00 1.334986e-02
2.205000e+00 1.293384e-02
2.295000e+00 1.248797e-02
2.190000e+00 1.303565e-02
2.355000e+00 1.227306e-02
2.280000e+00 1.253977e-02
2.370000e+00 1.224204e-02
2.535000e+00 1.188996e-02
2.325000e+00 1.235983e-02
2.385000e+00 1.215843e-02
2.265000e+00 1.260190e-02
2.460000e+00 1.200399e-02
2.430000e+00 1.207876e-02
2.475000e+00 1.202664e-02
2.445000e+00 1.205183e-02
2.910000e+00 1.175349e-02
2.640000e+00 1.177541e-02
2.400000e+00 1.214211e-02
2.595000e+00 1.178183e-02
2.715000e+00 1.174343e-02
2.505000e+00 1.208389e-02
2.580000e+00 1.181312e-02
2.850000e+00 1.168818e-02
2.655000e+00 1.177905e-02
2.820000e+00 1.173320e-02
2.670000e+00 1.176567e-02
2.760000e+00 1.205470e-02
2.565000e+00 1.174132e-02
2.625000e+00 1.178985e-02
2.490000e+00 1.198647e-02
2.730000e+00 1.171137e-02
2.775000e+00 1.174636e-02
2.835000e+00 1.164533e-02
2.880000e+00 1.158721e-02
2.685000e+00 1.178429e-02
2.745000e+00 1.171787e-02
2.865000e+00 1.163709e-02
2.700000e+00 1.173528e-02
2.895000e+00 1.157586e-02
2.790000e+00 1.166957e-02
2.925000e+00 1.163388e-02
2.955000e+00 1.158294e-02
2.970000e+00 1.163531e-02
2.805000e+00 1.168121e-02
2.940000e+00 1.167867e-02
2.985000e+00 1.163882e-02
3.000000e+00 1.161544e-02
