2.850000e-01 3.863036e-01
1.650000e-01 3.813564e-01
1.350000e-01 3.850873e-01
1.950000e-01 3.821115e-01
1.200000e-01 3.807974e-01
7.500000e-02 3.811921e-01
2.700000e-01 3.823790e-01
1.500000e-02 3.840897e-01
1.500000e-01 3.812696e-01
0.000000e+00 3.830852e-01
2.550000e-01 3.825190e-01
2.100000e-01 3.815933e-01
9.000000e-02 3.804650e-01
3.000000e-02 3.864913e-01
2.400000e-01 3.826702e-01
2.250000e-01 3.815473e-01
4.500000e-02 3.807240e-01
1.800000e-01 3.806299e-01
6.000000e-02 3.813876e-01
1.050000e-01 3.799163e-01
4.950000e-01 3.928751e-01
4.650000e-01 3.924546e-01
3.750000e-01 3.878788e-01
5.850000e-01 3.952678e-01
5.100000e-01 3.943053e-01
3.450000e-01 3.866905e-01
3.900000e-01 3.880263e-01
3.150000e-01 3.849625e-01
5.250000e-01 3.948256e-01
3.300000e-01 3.842612e-01
5.700000e-01 3.954221e-01
4.200000e-01 3.890409e-01
4.500000e-01 3.910805e-01
5.550000e-01 3.944558e-01
4.350000e-01 3.898857e-01
5.400000e-01 3.953385e-01
4.050000e-01 3.877310e-01
3.000000e-01 3.986902e-01
7.950000e-01 3.933403e-01
4.800000e-01 3.930200e-01
7.650000e-01 3.946086e-01
6.750000e-01 3.908191e-01
3.600000e-01 3.857434e-01
6.450000e-01 3.925743e-01
8.850000e-01 3.856902e-01
8.550000e-01 3.913410e-01
6.900000e-01 3.902028e-01
6.150000e-01 3.944236e-01
6.300000e-01 3.935534e-01
8.250000e-01 3.935065e-01
7.350000e-01 3.900202e-01
7.500000e-01 3.911297e-01
7.050000e-01 3.901400e-01
1.095000e+00 3.323539e-01
8.400000e-01 3.930207e-01
8.700000e-01 3.888677e-01
6.000000e-01 3.947082e-01
7.200000e-01 3.898451e-01
7.800000e-01 3.925330e-01
8.100000e-01 3.941227e-01
9.750000e-01 3.612854e-01
9.900000e-01 3.576280e-01
9.450000e-01 3.691615e-01
9.150000e-01 3.778337e-01
6.600000e-01 3.921043e-01
1.065000e+00 3.404125e-01
1.140000e+00 3.166724e-01
1.125000e+00 3.224903e-01
1.170000e+00 3.036443e-01
1.155000e+00 3.105907e-01
1.005000e+00 3.541373e-01
1.020000e+00 3.509022e-01
9.300000e-01 3.735198e-01
1.050000e+00 3.441563e-01
1.035000e+00 3.475289e-01
1.110000e+00 3.276167e-01
1.185000e+00 2.963211e-01
1.290000e+00 2.297143e-01
1.080000e+00 3.364996e-01
1.275000e+00 2.404215e-01
1.215000e+00 2.796103e-01
9.600000e-01 3.652565e-01
1.425000e+00 1.322867e-01
1.470000e+00 1.034394e-01
9.000000e-01 3.818749e-01
1.350000e+00 1.855022e-01
1.245000e+00 2.606719e-01
1.365000e+00 1.745199e-01
1.305000e+00 2.187037e-01
1.395000e+00 1.529554e-01
1.575000e+00 5.122223e-02
1.485000e+00 9.447899e-02
1.440000e+00 1.223678e-01
1.320000e+00 2.076818e-01
1.230000e+00 2.704881e-01
1.770000e+00 1.947128e-02
1.590000e+00 4.610780e-02
1.545000e+00 6.332560e-02
1.725000e+00 2.225124e-02
1.455000e+00 1.126798e-01
1.200000e+00 2.881395e-01
1.515000e+00 7.783815e-02
1.605000e+00 4.167499e-02
1.410000e+00 1.425553e-01
1.260000e+00 2.507870e-01
1.650000e+00 3.150865e-02
1.335000e+00 1.965759e-01
1.665000e+00 2.901272e-02
1.380000e+00 1.635972e-01
1.620000e+00 3.777032e-02
1.875000e+00 1.651898e-02
1.560000e+00 5.694796e-02
1.695000e+00 2.508594e-02
1.890000e+00 1.627796e-02
1.530000e+00 7.031582e-02
1.785000e+00 1.882387e-02
2.070000e+00 1.360848e-02
1.635000e+00 3.439409e-02
1.815000e+00 1.780009e-02
1.710000e+00 2.355516e-02
1.740000e+00 2.118543e-02
1.920000e+00 1.590648e-02
2.025000e+00 1.445783e-02
1.500000e+00 8.591757e-02
1.950000e+00 1.554859e-02
2.175000e+00 1.169613e-02
1.845000e+00 1.705191e-02
1.905000e+00 1.609758e-02
1.755000e+00 2.025574e-02
2.190000e+00 1.146471e-02
1.965000e+00 1.537491e-02
2.370000e+00 1.008232e-02
1.830000e+00 1.738789e-02
1.860000e+00 1.676892e-02
1.995000e+00 1.495002e-02
1.680000e+00 2.691207e-02
1.935000e+00 1.573989e-02
2.220000e+00 1.113188e-02
2.040000e+00 1.419111e-02
2.325000e+00 1.027747e-02
1.800000e+00 1.825293e-02
2.250000e+00 1.082340e-02
2.115000e+00 1.270354e-02
2.205000e+00 1.128435e-02
2.010000e+00 1.471420e-02
2.265000e+00 1.068953e-02
2.475000e+00 9.734161e-03
2.160000e+00 1.192929e-02
2.055000e+00 1.390816e-02
2.130000e+00 1.242603e-02
2.085000e+00 1.330708e-02
2.145000e+00 1.216696e-02
1.980000e+00 1.514857e-02
2.100000e+00 1.301490e-02
2.670000e+00 9.266352e-03
2.490000e+00 9.689394e-03
2.340000e+00 1.021457e-02
2.310000e+00 1.036788e-02
2.235000e+00 1.095202e-02
2.415000e+00 9.941689e-03
2.505000e+00 9.659828e-03
2.280000e+00 1.056461e-02
2.295000e+00 1.047125e-02
2.520000e+00 9.575616e-03
2.625000e+00 9.326652e-03
2.445000e+00 9.816549e-03
2.355000e+00 1.016023e-02
2.550000e+00 9.500020e-03
2.385000e+00 1.001677e-02
2.460000e+00 9.754185e-03
2.970000e+00 8.977896e-03
2.775000e+00 9.081259e-03
2.400000e+00 9.964190e-03
2.565000e+00 9.453585e-03
2.610000e+00 9.351626e-03
2.430000e+00 9.864605e-03
2.535000e+00 9.545160e-03
2.580000e+00 9.418818e-03
2.595000e+00 9.381658e-03
2.715000e+00 9.164439e-03
2.805000e+00 8.981286e-03
2.790000e+00 9.024985e-03
2.655000e+00 9.228095e-03
2.640000e+00 9.293728e-03
2.820000e+00 8.984734e-03
2.700000e+00 9.176522e-03
2.925000e+00 8.861098e-03
2.850000e+00 8.934394e-03
2.685000e+00 9.190048e-03
2.910000e+00 8.906770e-03
2.745000e+00 9.071057e-03
2.835000e+00 8.994760e-03
2.760000e+00 9.089417e-03
2.865000e+00 8.944293e-03
2.895000e+00 8.918881e-03
2.955000e+00 8.859403e-03
3.000000e+00 8.643820e-03
2.730000e+00 9.119862e-03
2.880000e+00 8.956955e-03
2.940000e+00 8.889440e-03
2.985000e+00 8.888632e-03
