376.0 0.156858
358.0 0.158579
341.0 0.160298
327.0 0.162015
313.0 0.163731
301.0 0.165444
289.0 0.167156
278.0 0.168866
268.0 0.170575
259.0 0.172281
251.0 0.173986
242.0 0.175689
235.0 0.177391
228.0 0.17909
221.0 0.180788
215.0 0.182484
209.0 0.184178
203.0 0.185871
198.0 0.187562
193.0 0.189251
188.0 0.190938
183.0 0.192623
179.0 0.194307
175.0 0.195989
171.0 0.197669
167.0 0.199347
164.0 0.201024
160.0 0.202699
157.0 0.204372
154.0 0.206043
151.0 0.207713
148.0 0.209381
145.0 0.211047
142.0 0.212711
139.0 0.214374
137.0 0.216034
134.0 0.217693
132.0 0.219351
130.0 0.221006
128.0 0.22266
126.0 0.224312
123.0 0.225962
121.0 0.227611
120.0 0.229257
118.0 0.230902
116.0 0.232546
114.0 0.234187
112.0 0.235827
111.0 0.237465
109.0 0.239101
108.0 0.240735
106.0 0.242368
105.0 0.243999
103.0 0.245628
102.0 0.247255
101.0 0.248881
99.0 0.250505
98.0 0.252127
97.0 0.253747
95.0 0.255366
94.0 0.256983
93.0 0.258598
92.0 0.260212
91.0 0.261823
90.0 0.263433
89.0 0.265041
88.0 0.266648
87.0 0.268252
86.0 0.269855
85.0 0.271456
84.0 0.273056
83.0 0.274653
82.0 0.276249
81.0 0.277843
80.0 0.279436
79.0 0.281821
78.0 0.284203
77.0 0.285788
76.0 0.288163
75.0 0.290534
74.0 0.292112
73.0 0.2944765
72.0 0.296837
71.0 0.299194
70.0 0.301547
69.0 0.303895
68.0 0.30624
67.0 0.3085805
66.0 0.311696
65.0 0.314804
64.0 0.3179055
63.0 0.320227
62.0 0.322544
61.0 0.326397666667
60.0 0.3302405
59.0 0.3333075
58.0 0.336367
57.0 0.3394195
56.0 0.343225666667
55.0 0.347021
54.0 0.350805666667
53.0 0.355332666667
52.0 0.359844333333
51.0 0.364340666667
50.0 0.368821333333
49.0 0.373286666667
48.0 0.377736666667
47.0 0.38290775
46.0 0.388059333333
45.0 0.39318875
44.0 0.39902625
43.0 0.40483625
42.0 0.410619
41.0 0.4170914
40.0 0.4242432
39.0 0.4313532
38.0 0.4384204
37.0 0.446145
36.0 0.454515
35.0 0.462824666667
34.0 0.471758
33.0 0.481300857143
32.0 0.490762571429
31.0 0.501473888889
30.0 0.512743375
29.0 0.523892111111
28.0 0.5362129
27.0 0.549660181818
26.0 0.564183916667
25.0 0.579115083333
24.0 0.595029214286
23.0 0.611873642857
22.0 0.630161764706
21.0 0.650372944444
20.0 0.671240842105
19.0 0.693769
18.0 0.71881548
17.0 0.745469185185
16.0 0.7740565625
15.0 0.804203342857
14.0 0.83986197561
13.0 0.888673836735
12.0 0.947743517857
11.0 1.00496989855
10.0 1.04973390361
9.0 1.069125375
8.0 1.09050033582
7.0 1.16996106145
6.0 2.322628652
5.0 4.700488232
4.0 3.665546984
