376.0 0.470575
358.0 0.475737
341.0 0.480894
327.0 0.486045
313.0 0.491192
301.0 0.496333
289.0 0.501469
278.0 0.506599
268.0 0.511724
259.0 0.516844
251.0 0.521959
242.0 0.527068
235.0 0.532172
228.0 0.537271
221.0 0.542364
215.0 0.547452
209.0 0.552535
203.0 0.557613
198.0 0.562685
193.0 0.567752
188.0 0.572813
183.0 0.57787
179.0 0.582921
175.0 0.587967
171.0 0.593007
167.0 0.598042
164.0 0.603072
160.0 0.608097
157.0 0.613116
154.0 0.61813
151.0 0.623139
148.0 0.628142
145.0 0.63314
142.0 0.638133
139.0 0.643121
137.0 0.648103
134.0 0.65308
132.0 0.658052
130.0 0.663019
128.0 0.66798
126.0 0.672936
123.0 0.677887
121.0 0.682832
120.0 0.687772
118.0 0.692707
116.0 0.697637
114.0 0.702561
112.0 0.70748
111.0 0.712394
109.0 0.717302
108.0 0.722206
106.0 0.727104
105.0 0.731996
103.0 0.736884
102.0 0.741766
101.0 0.746643
99.0 0.751515
98.0 0.756381
97.0 0.761242
95.0 0.766098
94.0 0.770949
93.0 0.775795
92.0 0.780635
91.0 0.78547
90.0 0.790299
89.0 0.795124
88.0 0.799943
87.0 0.804757
86.0 0.809566
85.0 0.814369
84.0 0.819167
83.0 0.82396
82.0 0.828748
81.0 0.83353
80.0 0.838308
79.0 0.845463
78.0 0.852608
77.0 0.857364
76.0 0.864488
75.0 0.871602
74.0 0.876337
73.0 0.8834295
72.0 0.890512
71.0 0.897581
70.0 0.90464
69.0 0.911685
68.0 0.91872
67.0 0.925742
66.0 0.935088
65.0 0.9444125
64.0 0.953716
63.0 0.960681
62.0 0.9676325
61.0 0.979192666667
60.0 0.9907225
59.0 0.9999225
58.0 1.009101
57.0 1.018259
56.0 1.02967666667
55.0 1.041064
54.0 1.05241666667
53.0 1.06599833333
52.0 1.079533
51.0 1.09302233333
50.0 1.106464
49.0 1.11986033333
48.0 1.13320966667
47.0 1.1487235
46.0 1.16417833333
45.0 1.17956675
44.0 1.19707875
43.0 1.2145085
42.0 1.23185675
41.0 1.251274
40.0 1.27273
39.0 1.294059
38.0 1.3152614
37.0 1.33843533333
36.0 1.36354533333
35.0 1.388474
34.0 1.415274
33.0 1.44390228571
32.0 1.472287
31.0 1.50442188889
30.0 1.53823
29.0 1.57167611111
28.0 1.6086384
27.0 1.64898045455
26.0 1.69255216667
25.0 1.73734533333
24.0 1.78508735714
23.0 1.83562107143
22.0 1.89048535294
21.0 1.95111894444
20.0 2.01372257895
19.0 2.08130704545
18.0 2.15644656
17.0 2.23640759259
16.0 2.32216971875
15.0 2.41261031429
14.0 2.51958609756
13.0 2.66602136735
12.0 2.84323058929
11.0 3.01490986957
10.0 3.14920177108
9.0 3.20737606731
8.0 3.27150104478
7.0 3.50988324581
6.0 6.967885924
5.0 14.1014646933
4.0 10.99664088
