376 0.156858
358 0.158579
341 0.160298
327 0.162015
313 0.163731
301 0.165444
289 0.167156
278 0.168866
268 0.170575
259 0.172281
251 0.173986
242 0.175689
235 0.177391
228 0.179090
221 0.180788
215 0.182484
209 0.184178
203 0.185871
198 0.187562
193 0.189251
188 0.190938
183 0.192623
179 0.194307
175 0.195989
171 0.197669
167 0.199347
164 0.201024
160 0.202699
157 0.204372
154 0.206043
151 0.207713
148 0.209381
145 0.211047
142 0.212711
139 0.214374
137 0.216034
134 0.217693
132 0.219351
130 0.221006
128 0.222660
126 0.224312
123 0.225962
121 0.227611
120 0.229257
118 0.230902
116 0.232546
114 0.234187
112 0.235827
111 0.237465
109 0.239101
108 0.240735
106 0.242368
105 0.243999
103 0.245628
102 0.247255
101 0.248881
99 0.250505
98 0.252127
97 0.253747
95 0.255366
94 0.256983
93 0.258598
92 0.260212
91 0.261823
90 0.263433
89 0.265041
88 0.266648
87 0.268252
86 0.269855
85 0.271456
84 0.273056
83 0.274653
82 0.276249
81 0.277843
80 0.279436
79 0.281027
79 0.282615
78 0.284203
77 0.285788
76 0.287372
76 0.288954
75 0.290534
74 0.292112
73 0.293689
73 0.295264
72 0.296837
71 0.298409
71 0.299979
70 0.301547
69 0.303113
69 0.304677
68 0.306240
67 0.307801
67 0.309360
66 0.310918
66 0.312474
65 0.314028
65 0.315580
64 0.317131
64 0.318680
63 0.320227
62 0.321772
62 0.323316
61 0.324858
61 0.326398
61 0.327937
60 0.329473
60 0.331008
59 0.332542
59 0.334073
58 0.335603
58 0.337131
57 0.338657
57 0.340182
56 0.341705
56 0.343226
56 0.344746
55 0.346263
55 0.347779
54 0.349294
54 0.350806
54 0.352317
53 0.353826
53 0.355333
53 0.356839
52 0.358343
52 0.359845
52 0.361345
51 0.362844
51 0.364341
51 0.365837
50 0.367330
50 0.368822
50 0.370312
49 0.371801
49 0.373287
49 0.374772
48 0.376256
48 0.377737
48 0.379217
47 0.380695
47 0.382171
47 0.383646
47 0.385119
46 0.386590
46 0.388060
46 0.389528
45 0.390994
45 0.392458
45 0.393921
45 0.395382
44 0.396842
44 0.398299
44 0.399755
44 0.401209
43 0.402662
43 0.404112
43 0.405562
43 0.407009
42 0.408455
42 0.409899
42 0.411341
42 0.412781
41 0.414220
41 0.415658
41 0.417093
41 0.418527
41 0.419959
40 0.421389
40 0.422818
40 0.424245
40 0.425670
40 0.427094
39 0.428516
39 0.429936
39 0.431355
39 0.432772
39 0.434187
38 0.435600
38 0.437012
38 0.438422
38 0.439831
38 0.441237
37 0.442642
37 0.444046
37 0.445447
37 0.446847
37 0.448246
37 0.449642
36 0.451037
36 0.452431
36 0.453822
36 0.455212
36 0.456601
36 0.457987
35 0.459372
35 0.460755
35 0.462137
35 0.463517
35 0.464895
35 0.466272
34 0.467647
34 0.469020
34 0.470391
34 0.471761
34 0.473130
34 0.474496
34 0.475861
33 0.477224
33 0.478586
33 0.479946
33 0.481304
33 0.482661
33 0.484016
33 0.485369
32 0.486721
32 0.488071
32 0.489419
32 0.490766
32 0.492111
32 0.493454
32 0.494796
31 0.496136
31 0.497474
31 0.498811
31 0.500146
31 0.501479
31 0.502811
31 0.504141
31 0.505470
31 0.506797
30 0.508122
30 0.509446
30 0.510768
30 0.512088
30 0.513407
30 0.514724
30 0.516039
30 0.517353
29 0.518665
29 0.519976
29 0.521285
29 0.522592
29 0.523897
29 0.525201
29 0.526504
29 0.527805
29 0.529104
28 0.530401
28 0.531697
28 0.532991
28 0.534284
28 0.535575
28 0.536864
28 0.538152
28 0.539438
28 0.540722
28 0.542005
27 0.543286
27 0.544566
27 0.545844
27 0.547120
27 0.548395
27 0.549668
27 0.550940
27 0.552210
27 0.553478
27 0.554745
27 0.556010
26 0.557273
26 0.558535
26 0.559795
26 0.561054
26 0.562311
26 0.563566
26 0.564820
26 0.566073
26 0.567323
26 0.568572
26 0.569820
26 0.571065
25 0.572310
25 0.573552
25 0.574793
25 0.576033
25 0.577271
25 0.578507
25 0.579742
25 0.580975
25 0.582206
25 0.583436
25 0.584665
25 0.585891
24 0.587117
24 0.588340
24 0.589562
24 0.590783
24 0.592002
24 0.593219
24 0.594435
24 0.595649
24 0.596861
24 0.598072
24 0.599282
24 0.600490
24 0.601696
24 0.602901
23 0.604104
23 0.605305
23 0.606505
23 0.607704
23 0.608901
23 0.610096
23 0.611290
23 0.612482
23 0.613673
23 0.614862
23 0.616050
23 0.617236
23 0.618420
23 0.619603
22 0.620784
22 0.621964
22 0.623143
22 0.624319
22 0.625495
22 0.626668
22 0.627840
22 0.629011
22 0.630180
22 0.631348
22 0.632514
22 0.633678
22 0.634841
22 0.636003
22 0.637163
22 0.638321
22 0.639478
21 0.640633
21 0.641787
21 0.642939
21 0.644090
21 0.645240
21 0.646387
21 0.647534
21 0.648679
21 0.649822
21 0.650964
21 0.652104
21 0.653243
21 0.654380
21 0.655516
21 0.656651
21 0.657784
21 0.658915
21 0.660045
20 0.661173
20 0.662300
20 0.663426
20 0.664550
20 0.665672
20 0.666793
20 0.667913
20 0.669031
20 0.670148
20 0.671263
20 0.672377
20 0.673489
20 0.674600
20 0.675709
20 0.676817
20 0.677923
20 0.679028
20 0.680131
20 0.681233
19 0.682334
19 0.683432
19 0.684530
19 0.685626
19 0.686720
19 0.687814
19 0.688905
19 0.689995
19 0.691084
19 0.692171
19 0.693257
19 0.694341
19 0.695424
19 0.696505
19 0.697584
19 0.698663
19 0.699739
19 0.700815
19 0.701888
19 0.702960
19 0.704031
19 0.705100
18 0.706168
18 0.707234
18 0.708298
18 0.709361
18 0.710423
18 0.711483
18 0.712541
18 0.713598
18 0.714653
18 0.715706
18 0.716758
18 0.717809
18 0.718858
18 0.719905
18 0.720950
18 0.721994
18 0.723036
18 0.724077
18 0.725116
18 0.726153
18 0.727189
18 0.728223
18 0.729255
18 0.730285
18 0.731314
17 0.732341
17 0.733366
17 0.734390
17 0.735412
17 0.736432
17 0.737450
17 0.738466
17 0.739481
17 0.740493
17 0.741504
17 0.742513
17 0.743520
17 0.744525
17 0.745528
17 0.746529
17 0.747529
17 0.748526
17 0.749521
17 0.750515
17 0.751506
17 0.752495
17 0.753482
17 0.754467
17 0.755450
17 0.756431
17 0.757410
17 0.758386
16 0.759360
16 0.760332
16 0.761302
16 0.762269
16 0.763235
16 0.764197
16 0.765158
16 0.766116
16 0.767072
16 0.768025
16 0.768976
16 0.769925
16 0.770871
16 0.771815
16 0.772756
16 0.773695
16 0.774631
16 0.775565
16 0.776496
16 0.777424
16 0.778350
16 0.779274
16 0.780195
16 0.781113
16 0.782029
16 0.782942
16 0.783853
16 0.784761
16 0.785666
16 0.786569
16 0.787470
16 0.788368
15 0.789264
15 0.790157
15 0.791048
15 0.791936
15 0.792822
15 0.793706
15 0.794588
15 0.795467
15 0.796344
15 0.797219
15 0.798092
15 0.798963
15 0.799831
15 0.800697
15 0.801561
15 0.802418
15 0.803278
15 0.804141
15 0.805007
15 0.805876
15 0.806748
15 0.807624
15 0.808502
15 0.809384
15 0.810270
15 0.811159
15 0.812051
15 0.812947
15 0.813846
15 0.814749
15 0.815656
15 0.816567
15 0.817481
15 0.818398
15 0.819320
14 0.820246
14 0.821175
14 0.822108
14 0.823045
14 0.823986
14 0.824931
14 0.825880
14 0.826833
14 0.827789
14 0.828750
14 0.829715
14 0.830684
14 0.831657
14 0.832634
14 0.833614
14 0.834599
14 0.835588
14 0.836581
14 0.837578
14 0.838579
14 0.839584
14 0.840593
14 0.841606
14 0.842623
14 0.843644
14 0.844669
14 0.845698
14 0.846731
14 0.847767
14 0.848808
14 0.849852
14 0.850900
14 0.851953
14 0.853008
14 0.854068
14 0.855131
14 0.856198
14 0.857269
14 0.858343
14 0.859421
14 0.860503
13 0.861588
13 0.862676
13 0.863768
13 0.864864
13 0.865963
13 0.867065
13 0.868170
13 0.869278
13 0.870390
13 0.871504
13 0.872622
13 0.873742
13 0.874865
13 0.875991
13 0.877119
13 0.878250
13 0.879384
13 0.880519
13 0.881657
13 0.882798
13 0.883940
13 0.885084
13 0.886230
13 0.887378
13 0.888527
13 0.889678
13 0.890830
13 0.891983
13 0.893138
13 0.894294
13 0.895450
13 0.896608
13 0.897766
13 0.898925
13 0.900084
13 0.901244
13 0.902404
13 0.903564
13 0.904724
13 0.905883
13 0.907043
13 0.908202
13 0.909361
13 0.910520
13 0.911677
13 0.912834
13 0.913990
13 0.915145
13 0.916299
12 0.917451
12 0.918602
12 0.919752
12 0.920900
12 0.922046
12 0.923191
12 0.924334
12 0.925474
12 0.926613
12 0.927749
12 0.928883
12 0.930014
12 0.931144
12 0.932270
12 0.933394
12 0.934514
12 0.935632
12 0.936747
12 0.937859
12 0.938968
12 0.940073
12 0.941175
12 0.942274
12 0.943369
12 0.944461
12 0.945548
12 0.946632
12 0.947713
12 0.948789
12 0.949861
12 0.950929
12 0.951993
12 0.953053
12 0.954109
12 0.955160
12 0.956207
12 0.957250
12 0.958288
12 0.959321
12 0.960350
12 0.961374
12 0.962393
12 0.963408
12 0.964417
12 0.965422
12 0.966422
12 0.967417
12 0.968407
12 0.969392
12 0.970372
12 0.971347
12 0.972316
12 0.973281
12 0.974240
12 0.975194
12 0.976143
11 0.977086
11 0.978024
11 0.978957
11 0.979885
11 0.980807
11 0.981724
11 0.982635
11 0.983541
11 0.984442
11 0.985337
11 0.986227
11 0.987112
11 0.987991
11 0.988865
11 0.989733
11 0.990596
11 0.991454
11 0.992306
11 0.993153
11 0.993994
11 0.994831
11 0.995661
11 0.996487
11 0.997307
11 0.998122
11 0.998931
11 0.999735
11 1.000534
11 1.001327
11 1.002115
11 1.002898
11 1.003676
11 1.004448
11 1.005216
11 1.005978
11 1.006735
11 1.007486
11 1.008233
11 1.008975
11 1.009711
11 1.010443
11 1.011170
11 1.011891
11 1.012608
11 1.013320
11 1.014027
11 1.014729
11 1.015427
11 1.016120
11 1.016808
11 1.017491
11 1.018170
11 1.018844
11 1.019514
11 1.020179
11 1.020840
11 1.021496
11 1.022148
11 1.022795
11 1.023439
11 1.024077
11 1.024712
11 1.025342
11 1.025968
11 1.026590
11 1.027208
11 1.027822
11 1.028432
11 1.029038
10 1.029640
10 1.030237
10 1.030831
10 1.031422
10 1.032008
10 1.032590
10 1.033169
10 1.033744
10 1.034315
10 1.034883
10 1.035447
10 1.036007
10 1.036564
10 1.037117
10 1.037666
10 1.038211
10 1.038753
10 1.039292
10 1.039826
10 1.040357
10 1.040884
10 1.041407
10 1.041927
10 1.042442
10 1.042954
10 1.043462
10 1.043966
10 1.044466
10 1.044962
10 1.045454
10 1.045942
10 1.046426
10 1.046906
10 1.047382
10 1.047853
10 1.048321
10 1.048783
10 1.049242
10 1.049696
10 1.050146
10 1.050591
10 1.051032
10 1.051469
10 1.051900
10 1.052328
10 1.052750
10 1.053168
10 1.053581
10 1.053989
10 1.054393
10 1.054792
10 1.055186
10 1.055575
10 1.055959
10 1.056338
10 1.056712
10 1.057081
10 1.057445
10 1.057804
10 1.058157
10 1.058506
10 1.058849
10 1.059187
10 1.059520
10 1.059847
10 1.060169
10 1.060486
10 1.060797
10 1.061103
10 1.061404
10 1.061699
10 1.061988
10 1.062272
10 1.062551
10 1.062824
10 1.063092
10 1.063354
10 1.063610
10 1.063861
10 1.064107
10 1.064347
10 1.064581
10 1.064810
9 1.065034
9 1.065252
9 1.065464
9 1.065671
9 1.065873
9 1.066069
9 1.066259
9 1.066444
9 1.066624
9 1.066799
9 1.066968
9 1.067132
9 1.067290
9 1.067444
9 1.067592
9 1.067735
9 1.067873
9 1.068006
9 1.068134
9 1.068257
9 1.068376
9 1.068489
9 1.068598
9 1.068702
9 1.068802
9 1.068897
9 1.068987
9 1.069074
9 1.069156
9 1.069234
9 1.069307
9 1.069377
9 1.069442
9 1.069504
9 1.069562
9 1.069616
9 1.069667
9 1.069714
9 1.069757
9 1.069797
9 1.069834
9 1.069867
9 1.069897
9 1.069924
9 1.069948
9 1.069970
9 1.069988
9 1.070004
9 1.070017
9 1.070027
9 1.070036
9 1.070042
9 1.070045
9 1.070047
9 1.070046
9 1.070044
9 1.070040
9 1.070034
9 1.070027
9 1.070018
9 1.070008
9 1.069997
9 1.069985
9 1.069971
9 1.069957
9 1.069942
9 1.069926
9 1.069910
9 1.069893
9 1.069876
9 1.069859
9 1.069842
9 1.069824
9 1.069807
9 1.069789
9 1.069773
9 1.069756
9 1.069740
9 1.069724
9 1.069709
9 1.069695
9 1.069682
9 1.069669
9 1.069658
9 1.069648
9 1.069639
9 1.069631
9 1.069625
9 1.069620
9 1.069617
9 1.069615
9 1.069615
9 1.069618
9 1.069622
9 1.069628
9 1.069637
9 1.069647
9 1.069661
9 1.069676
9 1.069695
9 1.069716
9 1.069740
9 1.069767
9 1.069797
8 1.069830
8 1.069867
8 1.069907
8 1.069951
8 1.069998
8 1.070049
8 1.070104
8 1.070163
8 1.070226
8 1.070293
8 1.070364
8 1.070440
8 1.070521
8 1.070606
8 1.070696
8 1.070791
8 1.070891
8 1.070996
8 1.071107
8 1.071222
8 1.071344
8 1.071470
8 1.071603
8 1.071741
8 1.071885
8 1.072036
8 1.072192
8 1.072354
8 1.072523
8 1.072699
8 1.072881
8 1.073069
8 1.073265
8 1.073467
8 1.073676
8 1.073892
8 1.074116
8 1.074347
8 1.074585
8 1.074830
8 1.075084
8 1.075345
8 1.075613
8 1.075890
8 1.076174
8 1.076467
8 1.076768
8 1.077077
8 1.077394
8 1.077720
8 1.078055
8 1.078397
8 1.078749
8 1.079110
8 1.079479
8 1.079857
8 1.080245
8 1.080641
8 1.081047
8 1.081462
8 1.081886
8 1.082320
8 1.082763
8 1.083216
8 1.083678
8 1.084150
8 1.084632
8 1.085124
8 1.085626
8 1.086137
8 1.086659
8 1.087191
8 1.087732
8 1.088284
8 1.088845
8 1.089416
8 1.089997
8 1.090587
8 1.091186
8 1.091794
8 1.092411
8 1.093036
8 1.093669
8 1.094311
8 1.094960
8 1.095616
8 1.096279
8 1.096949
8 1.097625
8 1.098307
8 1.098994
8 1.099687
8 1.100384
8 1.101085
8 1.101790
8 1.102499
8 1.103211
8 1.103925
8 1.104641
8 1.105360
8 1.106079
8 1.106799
8 1.107520
8 1.108241
8 1.108961
8 1.109681
8 1.110399
8 1.111115
8 1.111829
8 1.112541
8 1.113250
8 1.113956
8 1.114657
8 1.115355
8 1.116048
8 1.116736
8 1.117419
8 1.118097
8 1.118768
8 1.119433
8 1.120091
8 1.120743
8 1.121387
8 1.122024
8 1.122652
8 1.123273
8 1.123885
8 1.124488
8 1.125083
8 1.125668
8 1.126244
8 1.126810
8 1.127367
8 1.127913
7 1.128450
7 1.128976
7 1.129491
7 1.129996
7 1.130491
7 1.130974
7 1.131446
7 1.131908
7 1.132358
7 1.132797
7 1.133225
7 1.133642
7 1.134047
7 1.134442
7 1.134824
7 1.135196
7 1.135556
7 1.135905
7 1.136243
7 1.136569
7 1.136885
7 1.137189
7 1.137483
7 1.137765
7 1.138037
7 1.138299
7 1.138550
7 1.138790
7 1.139021
7 1.139242
7 1.139452
7 1.139654
7 1.139846
7 1.140028
7 1.140202
7 1.140367
7 1.140524
7 1.140672
7 1.140813
7 1.140946
7 1.141072
7 1.141190
7 1.141302
7 1.141407
7 1.141507
7 1.141600
7 1.141688
7 1.141772
7 1.141850
7 1.141924
7 1.141995
7 1.142061
7 1.142125
7 1.142186
7 1.142245
7 1.142302
7 1.142357
7 1.142412
7 1.142465
7 1.142519
7 1.142574
7 1.142629
7 1.142685
7 1.142743
7 1.142804
7 1.142867
7 1.142934
7 1.143004
7 1.143079
7 1.143159
7 1.143244
7 1.143334
7 1.143432
7 1.143536
7 1.143647
7 1.143767
7 1.143895
7 1.144033
7 1.144180
7 1.144337
7 1.144506
7 1.144685
7 1.144877
7 1.145081
7 1.145298
7 1.145529
7 1.145775
7 1.146035
7 1.146310
7 1.146602
7 1.146911
7 1.147236
7 1.147580
7 1.147942
7 1.148323
7 1.148724
7 1.149145
7 1.149587
7 1.150050
7 1.150536
7 1.151045
7 1.151576
7 1.152132
7 1.152712
7 1.153318
7 1.153949
7 1.154607
7 1.155292
7 1.156005
7 1.156746
7 1.157516
7 1.158315
7 1.159144
7 1.160005
7 1.160896
7 1.161820
7 1.162776
7 1.163765
7 1.164788
7 1.165846
7 1.166938
7 1.168066
7 1.169230
7 1.170430
7 1.171668
7 1.172944
7 1.174258
7 1.175610
7 1.177003
7 1.178435
7 1.179908
7 1.181422
7 1.182977
7 1.184575
7 1.186215
7 1.187899
7 1.189626
7 1.191397
7 1.193213
7 1.195075
7 1.196981
7 1.198935
7 1.200934
7 1.202981
7 1.205075
7 1.207217
7 1.209408
7 1.211647
7 1.213936
7 1.216274
7 1.218663
7 1.221102
7 1.223592
7 1.226133
7 1.228726
7 1.231371
7 1.234068
7 1.236818
7 1.239621
7 1.242478
7 1.245388
7 1.248353
7 1.251371
7 1.254445
7 1.257573
7 1.260757
7 1.263996
7 1.267291
7 1.270642
7 1.274050
7 1.277513
7 1.281034
7 1.284612
7 1.288246
7 1.291938
7 1.295687
7 1.299495
7 1.303360
7 1.307282
6 1.311263
6 1.315303
6 1.319400
6 1.323557
6 1.327771
6 1.332045
6 1.336377
6 1.340768
6 1.345219
6 1.349728
6 1.354296
6 1.358923
6 1.363610
6 1.368355
6 1.373160
6 1.378024
6 1.382948
6 1.387930
6 1.392972
6 1.398073
6 1.403233
6 1.408452
6 1.413730
6 1.419067
6 1.424463
6 1.429918
6 1.435431
6 1.441004
6 1.446635
6 1.452324
6 1.458072
6 1.463878
6 1.469742
6 1.475664
6 1.481644
6 1.487681
6 1.493776
6 1.499929
6 1.506139
6 1.512405
6 1.518729
6 1.525109
6 1.531546
6 1.538039
6 1.544588
6 1.551193
6 1.557854
6 1.564570
6 1.571341
6 1.578167
6 1.585048
6 1.591984
6 1.598974
6 1.606017
6 1.613115
6 1.620266
6 1.627470
6 1.634727
6 1.642037
6 1.649400
6 1.656814
6 1.664281
6 1.671799
6 1.679368
6 1.686989
6 1.694660
6 1.702382
6 1.710153
6 1.717975
6 1.725847
6 1.733767
6 1.741737
6 1.749756
6 1.757823
6 1.765938
6 1.774102
6 1.782313
6 1.790571
6 1.798876
6 1.807228
6 1.815627
6 1.824072
6 1.832563
6 1.841099
6 1.849681
6 1.858308
6 1.866980
6 1.875696
6 1.884457
6 1.893261
6 1.902109
6 1.911000
6 1.919935
6 1.928912
6 1.937932
6 1.946993
6 1.956097
6 1.965241
6 1.974428
6 1.983655
6 1.992922
6 2.002230
6 2.011578
6 2.020965
6 2.030392
6 2.039857
6 2.049362
6 2.058905
6 2.068485
6 2.078104
6 2.087760
6 2.097453
6 2.107183
6 2.116949
6 2.126752
6 2.136590
6 2.146464
6 2.156374
6 2.166318
6 2.176296
6 2.186309
6 2.196356
6 2.206437
6 2.216550
6 2.226697
6 2.236877
6 2.247089
6 2.257333
6 2.267608
6 2.277916
6 2.288254
6 2.298623
6 2.309023
6 2.319453
6 2.329913
6 2.340403
6 2.350922
6 2.361471
6 2.372049
6 2.382656
6 2.393291
6 2.403956
6 2.414649
6 2.425371
6 2.436121
6 2.446900
6 2.457707
6 2.468542
6 2.479405
6 2.490296
6 2.501215
6 2.512162
6 2.523138
6 2.534141
6 2.545172
6 2.556230
6 2.567317
6 2.578431
6 2.589574
6 2.600744
6 2.611941
6 2.623167
6 2.634420
6 2.645701
6 2.657010
6 2.668346
6 2.679710
6 2.691101
6 2.702520
6 2.713967
6 2.725441
6 2.736942
6 2.748471
6 2.760027
6 2.771611
6 2.783221
6 2.794859
6 2.806523
6 2.818215
6 2.829933
6 2.841678
6 2.853449
6 2.865247
6 2.877071
6 2.888922
6 2.900798
6 2.912700
6 2.924627
6 2.936580
6 2.948558
6 2.960561
6 2.972589
6 2.984642
6 2.996719
6 3.008821
6 3.020946
6 3.033095
6 3.045268
6 3.057463
6 3.069682
6 3.081924
6 3.094188
6 3.106474
6 3.118782
6 3.131112
6 3.143463
6 3.155835
6 3.168228
6 3.180641
6 3.193074
6 3.205527
6 3.218000
6 3.230491
6 3.243001
6 3.255530
6 3.268076
6 3.280640
6 3.293221
6 3.305818
6 3.318432
6 3.331062
6 3.343708
6 3.356369
6 3.369044
6 3.381734
6 3.394437
6 3.407154
6 3.419884
6 3.432626
6 3.445380
6 3.458146
6 3.470922
6 3.483709
6 3.496507
6 3.509314
6 3.522129
6 3.534954
6 3.547786
6 3.560626
6 3.573473
6 3.586326
6 3.599185
6 3.612050
6 3.624919
6 3.637793
6 3.650670
6 3.663551
6 3.676434
6 3.689319
6 3.702205
5 3.715093
5 3.727980
5 3.740867
5 3.753754
5 3.766639
5 3.780218
5 3.793756
5 3.807249
5 3.820694
5 3.834090
5 3.847431
5 3.860716
5 3.873941
5 3.887102
5 3.900197
5 3.913222
5 3.926174
5 3.939050
5 3.951848
5 3.964565
5 3.977198
5 3.989745
5 4.002205
5 4.014575
5 4.026854
5 4.039039
5 4.051131
5 4.063127
5 4.075027
5 4.086829
5 4.098533
5 4.110139
5 4.121647
5 4.133054
5 4.144363
5 4.155572
5 4.166681
5 4.177691
5 4.188602
5 4.199414
5 4.210127
5 4.220742
5 4.231260
5 4.241680
5 4.252004
5 4.262232
5 4.272364
5 4.282402
5 4.292346
5 4.302197
5 4.311955
5 4.321621
5 4.331197
5 4.340682
5 4.350078
5 4.359386
5 4.368605
5 4.377738
5 4.386785
5 4.395746
5 4.404623
5 4.413417
5 4.422127
5 4.430755
5 4.439302
5 4.447769
5 4.456155
5 4.464463
5 4.472692
5 4.480844
5 4.488918
5 4.496917
5 4.504840
5 4.512688
5 4.520463
5 4.528163
5 4.535791
5 4.543347
5 4.550831
5 4.558244
5 4.565587
5 4.572860
5 4.580064
5 4.587199
5 4.594266
5 4.601265
5 4.608197
5 4.615063
5 4.621862
5 4.628596
5 4.635265
5 4.641869
5 4.648409
5 4.654885
5 4.661297
5 4.667647
5 4.673934
5 4.680158
5 4.686321
5 4.692423
5 4.698463
5 4.704443
5 4.710362
5 4.716221
5 4.722021
5 4.727761
5 4.733442
5 4.739064
5 4.744627
5 4.750133
5 4.755580
5 4.760970
5 4.766302
5 4.771578
5 4.776796
5 4.781957
5 4.787062
5 4.792111
5 4.797104
5 4.802041
5 4.806923
5 4.811749
5 4.816520
5 4.821236
5 4.825897
5 4.830503
5 4.835055
5 4.839553
5 4.843997
5 4.848386
5 4.852722
5 4.857004
5 4.861233
5 4.865408
5 4.869530
5 4.873599
5 4.877615
5 4.881578
5 4.885488
5 4.889346
5 4.893151
5 4.896903
5 4.900604
5 4.904252
5 4.907848
5 4.911392
5 4.914884
5 4.918324
5 4.921712
5 4.925049
5 4.928334
5 4.931568
5 4.934750
5 4.937881
5 4.940960
5 4.943988
5 4.946965
5 4.949891
5 4.952766
5 4.955589
5 4.958362
5 4.961084
5 4.963755
5 4.966375
5 4.968944
5 4.971462
5 4.973930
5 4.976347
5 4.978714
5 4.981029
5 4.983294
5 4.985509
5 4.987673
5 4.989787
5 4.991850
5 4.993863
5 4.995825
5 4.997736
5 4.999598
5 5.001409
5 5.003169
5 5.004879
5 5.006539
5 5.008149
5 5.009708
5 5.011217
5 5.012675
5 5.014083
5 5.015441
5 5.016749
5 5.018006
5 5.019213
5 5.020369
5 5.021475
5 5.022531
5 5.023537
5 5.024492
5 5.025397
5 5.026251
5 5.027055
5 5.027809
5 5.028512
5 5.029165
5 5.029767
5 5.030319
5 5.030821
5 5.031272
5 5.031673
5 5.032023
5 5.032323
5 5.032572
5 5.032770
5 5.032918
5 5.033016
5 5.033063
5 5.033059
5 5.033004
5 5.032899
5 5.032743
5 5.032536
5 5.032279
5 5.031971
5 5.031612
5 5.031202
5 5.030741
5 5.030230
5 5.029667
5 5.029054
5 5.028389
5 5.027674
5 5.026907
5 5.026090
5 5.025221
5 5.024301
5 5.023330
5 5.022308
5 5.021234
5 5.020109
5 5.018933
5 5.017706
5 5.016427
5 5.015097
5 5.013715
5 5.012282
5 5.010797
5 5.009261
5 5.007673
5 5.006033
5 5.004342
5 5.002599
5 5.000805
5 4.998958
5 4.997060
5 4.995110
5 4.993108
5 4.991054
5 4.988947
5 4.986789
5 4.984579
5 4.982317
5 4.980003
5 4.977636
5 4.975217
5 4.972746
5 4.970222
5 4.967646
5 4.965018
5 4.962337
5 4.959604
5 4.956818
5 4.953980
5 4.951089
5 4.948145
5 4.945149
5 4.942100
5 4.938998
5 4.935843
5 4.932635
5 4.929374
5 4.926061
5 4.922694
5 4.919274
5 4.915801
5 4.912275
5 4.908696
5 4.905063
5 4.901377
5 4.897638
5 4.893845
5 4.889999
5 4.886100
5 4.882147
5 4.878140
5 4.874080
5 4.869965
5 4.865798
5 4.861576
5 4.857301
5 4.852971
5 4.848588
5 4.844151
5 4.839660
5 4.835115
5 4.830515
5 4.825862
5 4.821154
5 4.816392
5 4.811576
5 4.806705
5 4.801780
5 4.796801
5 4.791767
5 4.786679
5 4.781535
5 4.776338
5 4.771085
5 4.765778
5 4.760416
5 4.754999
5 4.749528
5 4.744001
5 4.738420
5 4.732783
5 4.727091
5 4.721344
5 4.715542
5 4.709685
5 4.703773
5 4.697805
5 4.691782
5 4.685703
5 4.679569
5 4.673379
5 4.667134
5 4.660833
5 4.654477
5 4.648064
5 4.641596
5 4.635072
5 4.628493
5 4.621857
5 4.615166
5 4.608418
5 4.601614
5 4.594754
5 4.587839
5 4.580866
5 4.573838
5 4.566753
5 4.559612
5 4.552414
5 4.545160
5 4.537850
5 4.530483
5 4.523059
5 4.515579
5 4.508041
5 4.500447
5 4.492797
5 4.485089
5 4.477325
5 4.469503
5 4.461625
5 4.453689
5 4.445696
5 4.437646
5 4.429539
5 4.421375
5 4.413153
5 4.404874
5 4.396538
5 4.388144
5 4.379692
5 4.371183
5 4.362616
4 4.353992
4 4.345310
4 4.336570
4 4.327772
4 4.318916
4 4.310002
4 4.301031
4 4.292001
4 4.282913
4 4.273768
4 4.264563
4 4.255301
4 4.245981
4 4.236602
4 4.227164
4 4.217669
4 4.208115
4 4.198502
4 4.188831
4 4.179101
4 4.169312
4 4.159465
4 4.149559
4 4.139595
4 4.129571
4 4.119489
4 4.109347
4 4.099147
4 4.088888
4 4.078570
4 4.068192
4 4.057756
4 4.047260
4 4.036706
4 4.026092
4 4.015418
4 4.004686
4 3.993894
4 3.983043
4 3.972132
4 3.961162
4 3.950132
4 3.939043
4 3.927894
4 3.916686
4 3.905418
4 3.894090
4 3.882702
4 3.871255
4 3.859748
4 3.848182
4 3.836555
4 3.824868
4 3.813122
4 3.801316
4 3.789449
4 3.777523
4 3.765537
4 3.753490
4 3.741384
4 3.729217
4 3.716990
4 3.704703
4 3.692356
4 3.679949
4 3.667481
4 3.654953
4 3.642365
4 3.629716
4 3.617007
4 3.604237
4 3.591407
4 3.578517
4 3.565566
4 3.552555
4 3.539483
4 3.526350
4 3.513157
4 3.499904
4 3.486589
4 3.473214
4 3.459779
4 3.446282
4 3.432725
4 3.419108
4 3.405429
4 3.391690
4 3.377890
4 3.364029
4 3.350107
4 3.336124
4 3.322080
4 3.307976
4 3.293811
4 3.279584
4 3.265297
4 3.250949
4 3.236539
4 3.222069
4 3.207538
4 3.192945
4 3.178292
4 3.163577
4 3.148801
4 3.133965
4 3.119067
4 3.104107
4 3.089087
4 3.074006
4 3.058863
4 3.043659
4 3.028394
4 3.013068
4 2.997680
4 2.982231
4 2.966721
4 2.951149
4 2.935516
4 2.919822
4 2.904067
4 2.888250
4 2.872371
4 2.856432
4 2.840431
4 2.824368
