376 0.470575
358 0.475737
341 0.480894
327 0.486045
313 0.491192
301 0.496333
289 0.501469
278 0.506599
268 0.511724
259 0.516844
251 0.521959
242 0.527068
235 0.532172
228 0.537271
221 0.542364
215 0.547452
209 0.552535
203 0.557613
198 0.562685
193 0.567752
188 0.572813
183 0.577870
179 0.582921
175 0.587967
171 0.593007
167 0.598042
164 0.603072
160 0.608097
157 0.613116
154 0.618130
151 0.623139
148 0.628142
145 0.633140
142 0.638133
139 0.643121
137 0.648103
134 0.653080
132 0.658052
130 0.663019
128 0.667980
126 0.672936
123 0.677887
121 0.682832
120 0.687772
118 0.692707
116 0.697637
114 0.702561
112 0.707480
111 0.712394
109 0.717302
108 0.722206
106 0.727104
105 0.731996
103 0.736884
102 0.741766
101 0.746643
99 0.751515
98 0.756381
97 0.761242
95 0.766098
94 0.770949
93 0.775795
92 0.780635
91 0.785470
90 0.790299
89 0.795124
88 0.799943
87 0.804757
86 0.809566
85 0.814369
84 0.819167
83 0.823960
82 0.828748
81 0.833530
80 0.838308
79 0.843080
79 0.847846
78 0.852608
77 0.857364
76 0.862115
76 0.866861
75 0.871602
74 0.876337
73 0.881067
73 0.885792
72 0.890512
71 0.895226
71 0.899936
70 0.904640
69 0.909338
69 0.914032
68 0.918720
67 0.923403
67 0.928081
66 0.932754
66 0.937422
65 0.942084
65 0.946741
64 0.951393
64 0.956039
63 0.960681
62 0.965317
62 0.969948
61 0.974574
61 0.979194
61 0.983810
60 0.988420
60 0.993025
59 0.997625
59 1.002220
58 1.006809
58 1.011393
57 1.015972
57 1.020546
56 1.025115
56 1.029678
56 1.034237
55 1.038790
55 1.043338
54 1.047881
54 1.052418
54 1.056951
53 1.061478
53 1.066000
53 1.070517
52 1.075028
52 1.079535
52 1.084036
51 1.088533
51 1.093024
51 1.097510
50 1.101990
50 1.106466
50 1.110936
49 1.115402
49 1.119862
49 1.124317
48 1.128767
48 1.133211
48 1.137651
47 1.142085
47 1.146514
47 1.150938
47 1.155357
46 1.159771
46 1.164180
46 1.168584
45 1.172982
45 1.177375
45 1.181763
45 1.186147
44 1.190525
44 1.194897
44 1.199265
44 1.203628
43 1.207985
43 1.212337
43 1.216685
43 1.221027
42 1.225364
42 1.229696
42 1.234023
42 1.238344
41 1.242661
41 1.246973
41 1.251279
41 1.255580
41 1.259877
40 1.264168
40 1.268454
40 1.272735
40 1.277011
40 1.281282
39 1.285548
39 1.289808
39 1.294064
39 1.298315
39 1.302560
38 1.306801
38 1.311036
38 1.315266
38 1.319492
38 1.323712
37 1.327927
37 1.332137
37 1.336342
37 1.340542
37 1.344737
37 1.348927
36 1.353112
36 1.357292
36 1.361467
36 1.365637
36 1.369802
36 1.373962
35 1.378116
35 1.382266
35 1.386411
35 1.390551
35 1.394685
35 1.398815
34 1.402940
34 1.407060
34 1.411174
34 1.415284
34 1.419389
34 1.423488
34 1.427583
33 1.431673
33 1.435758
33 1.439837
33 1.443912
33 1.447982
33 1.452047
33 1.456107
32 1.460162
32 1.464212
32 1.468257
32 1.472297
32 1.476332
32 1.480362
32 1.484387
31 1.488407
31 1.492422
31 1.496433
31 1.500438
31 1.504438
31 1.508434
31 1.512424
31 1.516410
31 1.520391
30 1.524367
30 1.528337
30 1.532303
30 1.536264
30 1.540220
30 1.544172
30 1.548118
30 1.552059
29 1.555996
29 1.559927
29 1.563854
29 1.567776
29 1.571692
29 1.575604
29 1.579511
29 1.583414
29 1.587311
28 1.591203
28 1.595091
28 1.598973
28 1.602851
28 1.606724
28 1.610592
28 1.614455
28 1.618313
28 1.622167
28 1.626015
27 1.629859
27 1.633698
27 1.637532
27 1.641361
27 1.645185
27 1.649005
27 1.652819
27 1.656629
27 1.660434
27 1.664234
27 1.668029
26 1.671820
26 1.675605
26 1.679386
26 1.683162
26 1.686933
26 1.690699
26 1.694461
26 1.698218
26 1.701970
26 1.705717
26 1.709459
26 1.713196
25 1.716929
25 1.720657
25 1.724380
25 1.728099
25 1.731812
25 1.735521
25 1.739225
25 1.742925
25 1.746619
25 1.750309
25 1.753994
25 1.757674
24 1.761350
24 1.765021
24 1.768687
24 1.772348
24 1.776005
24 1.779657
24 1.783304
24 1.786946
24 1.790584
24 1.794217
24 1.797845
24 1.801469
24 1.805088
24 1.808702
23 1.812312
23 1.815916
23 1.819516
23 1.823112
23 1.826703
23 1.830289
23 1.833870
23 1.837447
23 1.841019
23 1.844586
23 1.848149
23 1.851707
23 1.855260
23 1.858809
22 1.862353
22 1.865893
22 1.869428
22 1.872958
22 1.876484
22 1.880005
22 1.883521
22 1.887033
22 1.890540
22 1.894043
22 1.897541
22 1.901035
22 1.904524
22 1.908008
22 1.911488
22 1.914963
22 1.918434
21 1.921900
21 1.925361
21 1.928818
21 1.932271
21 1.935719
21 1.939162
21 1.942601
21 1.946036
21 1.949466
21 1.952892
21 1.956313
21 1.959729
21 1.963141
21 1.966549
21 1.969952
21 1.973351
21 1.976745
21 1.980135
20 1.983520
20 1.986901
20 1.990278
20 1.993650
20 1.997017
20 2.000380
20 2.003739
20 2.007094
20 2.010443
20 2.013789
20 2.017130
20 2.020467
20 2.023799
20 2.027127
20 2.030450
20 2.033769
20 2.037083
20 2.040394
20 2.043699
19 2.047001
19 2.050297
19 2.053590
19 2.056878
19 2.060161
19 2.063441
19 2.066715
19 2.069986
19 2.073252
19 2.076513
19 2.079770
19 2.083023
19 2.086271
19 2.089514
19 2.092753
19 2.095988
19 2.099218
19 2.102444
19 2.105665
19 2.108881
19 2.112093
19 2.115301
18 2.118503
18 2.121702
18 2.124895
18 2.128084
18 2.131268
18 2.134448
18 2.137623
18 2.140793
18 2.143959
18 2.147119
18 2.150275
18 2.153427
18 2.156573
18 2.159714
18 2.162851
18 2.165983
18 2.169109
18 2.172231
18 2.175348
18 2.178460
18 2.181567
18 2.184668
18 2.187765
18 2.190856
18 2.193943
17 2.197024
17 2.200099
17 2.203170
17 2.206235
17 2.209295
17 2.212349
17 2.215398
17 2.218442
17 2.221480
17 2.224512
17 2.227539
17 2.230560
17 2.233575
17 2.236585
17 2.239588
17 2.242586
17 2.245578
17 2.248564
17 2.251544
17 2.254518
17 2.257485
17 2.260447
17 2.263402
17 2.266350
17 2.269293
17 2.272229
17 2.275158
16 2.278080
16 2.280996
16 2.283906
16 2.286808
16 2.289704
16 2.292592
16 2.295474
16 2.298349
16 2.301216
16 2.304076
16 2.306929
16 2.309775
16 2.312614
16 2.315445
16 2.318268
16 2.321084
16 2.323893
16 2.326694
16 2.329487
16 2.332273
16 2.335051
16 2.337821
16 2.340584
16 2.343339
16 2.346086
16 2.348826
16 2.351558
16 2.354282
16 2.356999
16 2.359708
16 2.362410
16 2.365104
15 2.367791
15 2.370471
15 2.373144
15 2.375809
15 2.378467
15 2.381119
15 2.383764
15 2.386402
15 2.389033
15 2.391658
15 2.394276
15 2.396888
15 2.399493
15 2.402092
15 2.404684
15 2.407255
15 2.409835
15 2.412423
15 2.415021
15 2.417628
15 2.420245
15 2.422871
15 2.425507
15 2.428153
15 2.430810
15 2.433476
15 2.436153
15 2.438841
15 2.441539
15 2.444248
15 2.446968
15 2.449700
15 2.452442
15 2.455195
15 2.457960
14 2.460737
14 2.463525
14 2.466324
14 2.469135
14 2.471958
14 2.474793
14 2.477640
14 2.480498
14 2.483368
14 2.486251
14 2.489145
14 2.492052
14 2.494970
14 2.497901
14 2.500843
14 2.503798
14 2.506765
14 2.509744
14 2.512734
14 2.515737
14 2.518752
14 2.521779
14 2.524818
14 2.527869
14 2.530932
14 2.534007
14 2.537094
14 2.540192
14 2.543302
14 2.546423
14 2.549557
14 2.552701
14 2.555858
14 2.559025
14 2.562204
14 2.565394
14 2.568595
14 2.571807
14 2.575030
14 2.578264
14 2.581509
13 2.584764
13 2.588029
13 2.591305
13 2.594591
13 2.597888
13 2.601194
13 2.604509
13 2.607834
13 2.611169
13 2.614512
13 2.617865
13 2.621226
13 2.624595
13 2.627973
13 2.631358
13 2.634751
13 2.638151
13 2.641558
13 2.644972
13 2.648393
13 2.651819
13 2.655252
13 2.658690
13 2.662133
13 2.665581
13 2.669033
13 2.672490
13 2.675950
13 2.679414
13 2.682881
13 2.686351
13 2.689824
13 2.693298
13 2.696774
13 2.700252
13 2.703731
13 2.707211
13 2.710691
13 2.714171
13 2.717650
13 2.721129
13 2.724607
13 2.728084
13 2.731559
13 2.735032
13 2.738502
13 2.741970
13 2.745435
13 2.748896
12 2.752354
12 2.755807
12 2.759256
12 2.762700
12 2.766139
12 2.769573
12 2.773001
12 2.776423
12 2.779838
12 2.783247
12 2.786649
12 2.790043
12 2.793431
12 2.796810
12 2.800181
12 2.803543
12 2.806897
12 2.810242
12 2.813578
12 2.816904
12 2.820220
12 2.823526
12 2.826822
12 2.830107
12 2.833382
12 2.836645
12 2.839897
12 2.843138
12 2.846366
12 2.849583
12 2.852788
12 2.855980
12 2.859160
12 2.862327
12 2.865481
12 2.868621
12 2.871749
12 2.874863
12 2.877963
12 2.881049
12 2.884121
12 2.887179
12 2.890223
12 2.893252
12 2.896267
12 2.899266
12 2.902251
12 2.905221
12 2.908176
12 2.911116
12 2.914040
12 2.916948
12 2.919842
12 2.922719
12 2.925581
12 2.928428
11 2.931258
11 2.934073
11 2.936871
11 2.939654
11 2.942420
11 2.945171
11 2.947905
11 2.950624
11 2.953326
11 2.956012
11 2.958682
11 2.961336
11 2.963973
11 2.966594
11 2.969200
11 2.971789
11 2.974362
11 2.976918
11 2.979459
11 2.981983
11 2.984492
11 2.986984
11 2.989460
11 2.991921
11 2.994365
11 2.996793
11 2.999205
11 3.001601
11 3.003982
11 3.006346
11 3.008695
11 3.011028
11 3.013345
11 3.015647
11 3.017933
11 3.020204
11 3.022459
11 3.024699
11 3.026924
11 3.029134
11 3.031329
11 3.033509
11 3.035674
11 3.037824
11 3.039960
11 3.042081
11 3.044188
11 3.046281
11 3.048359
11 3.050424
11 3.052474
11 3.054511
11 3.056533
11 3.058542
11 3.060538
11 3.062520
11 3.064489
11 3.066444
11 3.068386
11 3.070316
11 3.072232
11 3.074136
11 3.076027
11 3.077905
11 3.079771
11 3.081625
11 3.083467
11 3.085296
11 3.087113
10 3.088919
10 3.090712
10 3.092494
10 3.094265
10 3.096024
10 3.097771
10 3.099507
10 3.101232
10 3.102946
10 3.104649
10 3.106341
10 3.108021
10 3.109691
10 3.111350
10 3.112998
10 3.114634
10 3.116260
10 3.117875
10 3.119478
10 3.121070
10 3.122652
10 3.124221
10 3.125780
10 3.127327
10 3.128862
10 3.130386
10 3.131898
10 3.133398
10 3.134886
10 3.136363
10 3.137827
10 3.139279
10 3.140718
10 3.142145
10 3.143560
10 3.144962
10 3.146350
10 3.147726
10 3.149089
10 3.150438
10 3.151774
10 3.153097
10 3.154406
10 3.155701
10 3.156983
10 3.158250
10 3.159504
10 3.160743
10 3.161968
10 3.163179
10 3.164375
10 3.165557
10 3.166724
10 3.167876
10 3.169013
10 3.170135
10 3.171242
10 3.172334
10 3.173411
10 3.174472
10 3.175518
10 3.176547
10 3.177561
10 3.178560
10 3.179542
10 3.180508
10 3.181458
10 3.182392
10 3.183310
10 3.184211
10 3.185097
10 3.185965
10 3.186817
10 3.187653
10 3.188472
10 3.189275
10 3.190061
10 3.190831
10 3.191584
10 3.192321
10 3.193041
10 3.193744
10 3.194431
9 3.195101
9 3.195755
9 3.196392
9 3.197013
9 3.197618
9 3.198206
9 3.198778
9 3.199333
9 3.199873
9 3.200396
9 3.200904
9 3.201395
9 3.201871
9 3.202331
9 3.202776
9 3.203205
9 3.203619
9 3.204018
9 3.204402
9 3.204772
9 3.205127
9 3.205467
9 3.205794
9 3.206106
9 3.206405
9 3.206690
9 3.206962
9 3.207221
9 3.207467
9 3.207701
9 3.207922
9 3.208130
9 3.208327
9 3.208513
9 3.208686
9 3.208849
9 3.209000
9 3.209141
9 3.209271
9 3.209391
9 3.209501
9 3.209601
9 3.209691
9 3.209773
9 3.209845
9 3.209909
9 3.209964
9 3.210011
9 3.210051
9 3.210082
9 3.210107
9 3.210125
9 3.210136
9 3.210141
9 3.210139
9 3.210132
9 3.210120
9 3.210103
9 3.210081
9 3.210055
9 3.210025
9 3.209991
9 3.209954
9 3.209914
9 3.209871
9 3.209826
9 3.209779
9 3.209730
9 3.209680
9 3.209629
9 3.209577
9 3.209525
9 3.209472
9 3.209420
9 3.209368
9 3.209318
9 3.209268
9 3.209219
9 3.209173
9 3.209128
9 3.209085
9 3.209045
9 3.209008
9 3.208974
9 3.208943
9 3.208916
9 3.208893
9 3.208874
9 3.208859
9 3.208850
9 3.208845
9 3.208846
9 3.208853
9 3.208865
9 3.208884
9 3.208910
9 3.208942
9 3.208982
9 3.209029
9 3.209085
9 3.209148
9 3.209220
9 3.209301
9 3.209392
8 3.209491
8 3.209601
8 3.209721
8 3.209852
8 3.209994
8 3.210147
8 3.210311
8 3.210488
8 3.210677
8 3.210878
8 3.211093
8 3.211321
8 3.211563
8 3.211819
8 3.212089
8 3.212374
8 3.212674
8 3.212989
8 3.213320
8 3.213667
8 3.214031
8 3.214411
8 3.214809
8 3.215223
8 3.215656
8 3.216107
8 3.216576
8 3.217063
8 3.217570
8 3.218096
8 3.218642
8 3.219208
8 3.219794
8 3.220401
8 3.221028
8 3.221677
8 3.222348
8 3.223040
8 3.223755
8 3.224491
8 3.225251
8 3.226034
8 3.226840
8 3.227670
8 3.228523
8 3.229401
8 3.230304
8 3.231231
8 3.232183
8 3.233160
8 3.234164
8 3.235192
8 3.236248
8 3.237329
8 3.238437
8 3.239572
8 3.240734
8 3.241923
8 3.243140
8 3.244385
8 3.245658
8 3.246959
8 3.248289
8 3.249647
8 3.251035
8 3.252451
8 3.253897
8 3.255372
8 3.256877
8 3.258412
8 3.259977
8 3.261572
8 3.263197
8 3.264852
8 3.266536
8 3.268249
8 3.269991
8 3.271760
8 3.273558
8 3.275382
8 3.277232
8 3.279108
8 3.281008
8 3.282933
8 3.284879
8 3.286848
8 3.288838
8 3.290847
8 3.292875
8 3.294921
8 3.296983
8 3.299060
8 3.301151
8 3.303255
8 3.305371
8 3.307497
8 3.309632
8 3.311775
8 3.313924
8 3.316079
8 3.318237
8 3.320398
8 3.322560
8 3.324722
8 3.326883
8 3.329042
8 3.331196
8 3.333345
8 3.335488
8 3.337624
8 3.339750
8 3.341867
8 3.343972
8 3.346065
8 3.348144
8 3.350209
8 3.352258
8 3.354290
8 3.356304
8 3.358299
8 3.360274
8 3.362228
8 3.364161
8 3.366071
8 3.367957
8 3.369818
8 3.371655
8 3.373465
8 3.375248
8 3.377004
8 3.378732
8 3.380431
8 3.382100
8 3.383740
7 3.385349
7 3.386927
7 3.388474
7 3.389989
7 3.391472
7 3.392922
7 3.394339
7 3.395724
7 3.397075
7 3.398392
7 3.399676
7 3.400926
7 3.402142
7 3.403325
7 3.404473
7 3.405587
7 3.406668
7 3.407715
7 3.408728
7 3.409707
7 3.410654
7 3.411567
7 3.412448
7 3.413296
7 3.414112
7 3.414896
7 3.415649
7 3.416371
7 3.417063
7 3.417725
7 3.418357
7 3.418961
7 3.419537
7 3.420085
7 3.420607
7 3.421102
7 3.421572
7 3.422017
7 3.422439
7 3.422838
7 3.423215
7 3.423570
7 3.423906
7 3.424222
7 3.424520
7 3.424801
7 3.425065
7 3.425315
7 3.425550
7 3.425773
7 3.425984
7 3.426184
7 3.426375
7 3.426558
7 3.426734
7 3.426905
7 3.427071
7 3.427235
7 3.427396
7 3.427558
7 3.427721
7 3.427886
7 3.428055
7 3.428230
7 3.428412
7 3.428602
7 3.428802
7 3.429013
7 3.429237
7 3.429476
7 3.429731
7 3.430003
7 3.430295
7 3.430607
7 3.430942
7 3.431302
7 3.431686
7 3.432099
7 3.432540
7 3.433012
7 3.433517
7 3.434056
7 3.434631
7 3.435243
7 3.435895
7 3.436588
7 3.437324
7 3.438104
7 3.438931
7 3.439807
7 3.440732
7 3.441709
7 3.442740
7 3.443826
7 3.444969
7 3.446171
7 3.447435
7 3.448761
7 3.450151
7 3.451608
7 3.453134
7 3.454729
7 3.456396
7 3.458137
7 3.459954
7 3.461848
7 3.463822
7 3.465876
7 3.468014
7 3.470237
7 3.472547
7 3.474945
7 3.477433
7 3.480014
7 3.482689
7 3.485460
7 3.488328
7 3.491296
7 3.494365
7 3.497537
7 3.500814
7 3.504198
7 3.507689
7 3.511291
7 3.515004
7 3.518831
7 3.522773
7 3.526831
7 3.531008
7 3.535305
7 3.539723
7 3.544265
7 3.548932
7 3.553725
7 3.558646
7 3.563696
7 3.568878
7 3.574192
7 3.579640
7 3.585224
7 3.590944
7 3.596804
7 3.602802
7 3.608942
7 3.615225
7 3.621652
7 3.628223
7 3.634942
7 3.641808
7 3.648823
7 3.655989
7 3.663306
7 3.670775
7 3.678399
7 3.686178
7 3.694112
7 3.702204
7 3.710454
7 3.718864
7 3.727434
7 3.736165
7 3.745058
7 3.754114
7 3.763335
7 3.772720
7 3.782271
7 3.791989
7 3.801874
7 3.811927
7 3.822149
7 3.832540
7 3.843102
7 3.853835
7 3.864738
7 3.875814
7 3.887062
7 3.898484
7 3.910079
7 3.921847
6 3.933790
6 3.945908
6 3.958201
6 3.970670
6 3.983314
6 3.996135
6 4.009132
6 4.022305
6 4.035656
6 4.049183
6 4.062888
6 4.076770
6 4.090829
6 4.105066
6 4.119481
6 4.134073
6 4.148843
6 4.163791
6 4.178916
6 4.194218
6 4.209698
6 4.225355
6 4.241189
6 4.257201
6 4.273389
6 4.289753
6 4.306294
6 4.323011
6 4.339904
6 4.356972
6 4.374215
6 4.391633
6 4.409225
6 4.426991
6 4.444931
6 4.463043
6 4.481329
6 4.499786
6 4.518416
6 4.537216
6 4.556187
6 4.575328
6 4.594638
6 4.614117
6 4.633765
6 4.653580
6 4.673562
6 4.693710
6 4.714024
6 4.734502
6 4.755145
6 4.775952
6 4.796921
6 4.818052
6 4.839345
6 4.860798
6 4.882411
6 4.904182
6 4.926112
6 4.948199
6 4.970443
6 4.992842
6 5.015396
6 5.038105
6 5.060966
6 5.083979
6 5.107145
6 5.130460
6 5.153926
6 5.177540
6 5.201302
6 5.225212
6 5.249268
6 5.273469
6 5.297815
6 5.322305
6 5.346938
6 5.371712
6 5.396628
6 5.421685
6 5.446881
6 5.472215
6 5.497688
6 5.523297
6 5.549043
6 5.574924
6 5.600939
6 5.627088
6 5.653370
6 5.679783
6 5.706327
6 5.733001
6 5.759805
6 5.786736
6 5.813795
6 5.840979
6 5.868290
6 5.895724
6 5.923283
6 5.950964
6 5.978766
6 6.006690
6 6.034733
6 6.062895
6 6.091175
6 6.119572
6 6.148086
6 6.176714
6 6.205456
6 6.234312
6 6.263280
6 6.292360
6 6.321549
6 6.350848
6 6.380256
6 6.409771
6 6.439393
6 6.469121
6 6.498953
6 6.528889
6 6.558928
6 6.589068
6 6.619310
6 6.649651
6 6.680092
6 6.710630
6 6.741266
6 6.771998
6 6.802825
6 6.833747
6 6.864762
6 6.895870
6 6.927069
6 6.958359
6 6.989739
6 7.021208
6 7.052766
6 7.084412
6 7.116146
6 7.147967
6 7.179874
6 7.211868
6 7.243948
6 7.276113
6 7.308364
6 7.340700
6 7.373120
6 7.405625
6 7.438215
6 7.470888
6 7.503646
6 7.536487
6 7.569413
6 7.602422
6 7.635515
6 7.668691
6 7.701951
6 7.735294
6 7.768721
6 7.802231
6 7.835824
6 7.869501
6 7.903260
6 7.937103
6 7.971029
6 8.005038
6 8.039129
6 8.073304
6 8.107561
6 8.141900
6 8.176322
6 8.210827
6 8.245413
6 8.280081
6 8.314832
6 8.349663
6 8.384576
6 8.419570
6 8.454644
6 8.489799
6 8.525034
6 8.560348
6 8.595742
6 8.631214
6 8.666765
6 8.702393
6 8.738099
6 8.773881
6 8.809740
6 8.845675
6 8.881684
6 8.917768
6 8.953926
6 8.990158
6 9.026462
6 9.062838
6 9.099285
6 9.135803
6 9.172390
6 9.209047
6 9.245771
6 9.282563
6 9.319422
6 9.356347
6 9.393336
6 9.430389
6 9.467506
6 9.504684
6 9.541924
6 9.579223
6 9.616582
6 9.653999
6 9.691473
6 9.729004
6 9.766589
6 9.804227
6 9.841919
6 9.879662
6 9.917455
6 9.955297
6 9.993187
6 10.031124
6 10.069106
6 10.107132
6 10.145201
6 10.183311
6 10.221462
6 10.259651
6 10.297877
6 10.336140
6 10.374437
6 10.412767
6 10.451128
6 10.489520
6 10.527941
6 10.566388
6 10.604861
6 10.643358
6 10.681878
6 10.720419
6 10.758978
6 10.797556
6 10.836150
6 10.874758
6 10.913379
6 10.952011
6 10.990652
6 11.029301
6 11.067956
6 11.106616
5 11.145278
5 11.183941
5 11.222602
5 11.261262
5 11.299916
5 11.340655
5 11.381268
5 11.421746
5 11.462083
5 11.502269
5 11.542294
5 11.582148
5 11.621823
5 11.661307
5 11.700591
5 11.739665
5 11.778522
5 11.817151
5 11.855544
5 11.893694
5 11.931594
5 11.969236
5 12.006615
5 12.043725
5 12.080561
5 12.117118
5 12.153392
5 12.189381
5 12.225080
5 12.260487
5 12.295600
5 12.330418
5 12.364940
5 12.399163
5 12.433088
5 12.466715
5 12.500043
5 12.533073
5 12.565805
5 12.598241
5 12.630381
5 12.662227
5 12.693779
5 12.725040
5 12.756012
5 12.786695
5 12.817093
5 12.847206
5 12.877038
5 12.906590
5 12.935864
5 12.964863
5 12.993590
5 13.022046
5 13.050234
5 13.078157
5 13.105816
5 13.133215
5 13.160355
5 13.187239
5 13.213870
5 13.240250
5 13.266381
5 13.292266
5 13.317907
5 13.343306
5 13.368466
5 13.393388
5 13.418076
5 13.442531
5 13.466755
5 13.490751
5 13.514520
5 13.538065
5 13.561388
5 13.584490
5 13.607374
5 13.630041
5 13.652493
5 13.674733
5 13.696761
5 13.718580
5 13.740192
5 13.761597
5 13.782798
5 13.803795
5 13.824592
5 13.845189
5 13.865587
5 13.885789
5 13.905795
5 13.925607
5 13.945226
5 13.964654
5 13.983891
5 14.002940
5 14.021801
5 14.040475
5 14.058964
5 14.077268
5 14.095389
5 14.113328
5 14.131086
5 14.148663
5 14.166062
5 14.183282
5 14.200325
5 14.217191
5 14.233882
5 14.250398
5 14.266741
5 14.282910
5 14.298907
5 14.314733
5 14.330387
5 14.345872
5 14.361187
5 14.376334
5 14.391313
5 14.406124
5 14.420768
5 14.435247
5 14.449560
5 14.463707
5 14.477691
5 14.491510
5 14.505166
5 14.518659
5 14.531990
5 14.545159
5 14.558166
5 14.571013
5 14.583699
5 14.596224
5 14.608590
5 14.620797
5 14.632844
5 14.644733
5 14.656464
5 14.668037
5 14.679452
5 14.690710
5 14.701811
5 14.712755
5 14.723543
5 14.734175
5 14.744651
5 14.754972
5 14.765137
5 14.775147
5 14.785003
5 14.794703
5 14.804250
5 14.813642
5 14.822880
5 14.831965
5 14.840895
5 14.849673
5 14.858297
5 14.866768
5 14.875086
5 14.883251
5 14.891264
5 14.899124
5 14.906832
5 14.914387
5 14.921790
5 14.929041
5 14.936141
5 14.943088
5 14.949883
5 14.956527
5 14.963020
5 14.969360
5 14.975550
5 14.981588
5 14.987474
5 14.993209
5 14.998793
5 15.004226
5 15.009508
5 15.014638
5 15.019618
5 15.024446
5 15.029124
5 15.033650
5 15.038025
5 15.042250
5 15.046323
5 15.050246
5 15.054017
5 15.057638
5 15.061107
5 15.064426
5 15.067593
5 15.070610
5 15.073475
5 15.076190
5 15.078753
5 15.081165
5 15.083426
5 15.085536
5 15.087495
5 15.089302
5 15.090958
5 15.092463
5 15.093817
5 15.095019
5 15.096069
5 15.096968
5 15.097715
5 15.098311
5 15.098755
5 15.099047
5 15.099188
5 15.099176
5 15.099013
5 15.098697
5 15.098229
5 15.097609
5 15.096837
5 15.095913
5 15.094836
5 15.093606
5 15.092224
5 15.090689
5 15.089001
5 15.087161
5 15.085168
5 15.083021
5 15.080721
5 15.078269
5 15.075662
5 15.072903
5 15.069990
5 15.066923
5 15.063702
5 15.060328
5 15.056800
5 15.053117
5 15.049281
5 15.045290
5 15.041145
5 15.036846
5 15.032391
5 15.027783
5 15.023019
5 15.018100
5 15.013027
5 15.007798
5 15.002414
5 14.996875
5 14.991180
5 14.985329
5 14.979323
5 14.973161
5 14.966842
5 14.960368
5 14.953738
5 14.946951
5 14.940008
5 14.932908
5 14.925651
5 14.918237
5 14.910667
5 14.902939
5 14.895054
5 14.887012
5 14.878812
5 14.870455
5 14.861940
5 14.853267
5 14.844436
5 14.835446
5 14.826299
5 14.816993
5 14.807528
5 14.797905
5 14.788123
5 14.778182
5 14.768082
5 14.757822
5 14.747404
5 14.736825
5 14.726087
5 14.715190
5 14.704132
5 14.692914
5 14.681536
5 14.669998
5 14.658299
5 14.646440
5 14.634420
5 14.622239
5 14.609896
5 14.597393
5 14.584728
5 14.571902
5 14.558914
5 14.545765
5 14.532454
5 14.518980
5 14.505344
5 14.491546
5 14.477586
5 14.463463
5 14.449177
5 14.434728
5 14.420116
5 14.405341
5 14.390403
5 14.375301
5 14.360036
5 14.344606
5 14.329013
5 14.313256
5 14.297334
5 14.281249
5 14.264998
5 14.248583
5 14.232003
5 14.215259
5 14.198349
5 14.181274
5 14.164033
5 14.146627
5 14.129055
5 14.111318
5 14.093414
5 14.075345
5 14.057109
5 14.038706
5 14.020137
5 14.001402
5 13.982499
5 13.963430
5 13.944193
5 13.924789
5 13.905217
5 13.885478
5 13.865572
5 13.845497
5 13.825254
5 13.804843
5 13.784263
5 13.763516
5 13.742599
5 13.721514
5 13.700259
5 13.678836
5 13.657243
5 13.635481
5 13.613549
5 13.591448
5 13.569177
5 13.546736
5 13.524124
5 13.501342
5 13.478390
5 13.455268
5 13.431974
5 13.408510
5 13.384874
5 13.361067
5 13.337089
5 13.312939
5 13.288618
5 13.264125
5 13.239460
5 13.214622
5 13.189613
5 13.164431
5 13.139076
5 13.113549
5 13.087849
4 13.061975
4 13.035929
4 13.009709
4 12.983315
4 12.956748
4 12.930007
4 12.903093
4 12.876004
4 12.848740
4 12.821303
4 12.793690
4 12.765904
4 12.737942
4 12.709805
4 12.681493
4 12.653006
4 12.624344
4 12.595506
4 12.566492
4 12.537302
4 12.507937
4 12.478396
4 12.448678
4 12.418784
4 12.388713
4 12.358466
4 12.328042
4 12.297442
4 12.266664
4 12.235709
4 12.204577
4 12.173268
4 12.141781
4 12.110117
4 12.078275
4 12.046255
4 12.014058
4 11.981682
4 11.949128
4 11.916396
4 11.883485
4 11.850396
4 11.817128
4 11.783682
4 11.750057
4 11.716253
4 11.682270
4 11.648107
4 11.613766
4 11.579245
4 11.544545
4 11.509665
4 11.474605
4 11.439366
4 11.403947
4 11.368348
4 11.332569
4 11.296610
4 11.260471
4 11.224151
4 11.187651
4 11.150971
4 11.114110
4 11.077068
4 11.039846
4 11.002443
4 10.964859
4 10.927094
4 10.889148
4 10.851020
4 10.812712
4 10.774222
4 10.735551
4 10.696698
4 10.657664
4 10.618448
4 10.579051
4 10.539472
4 10.499711
4 10.459768
4 10.419643
4 10.379336
4 10.338847
4 10.298176
4 10.257323
4 10.216287
4 10.175069
4 10.133669
4 10.092086
4 10.050320
4 10.008372
4 9.966241
4 9.923928
4 9.881432
4 9.838753
4 9.795891
4 9.752846
4 9.709618
4 9.666207
4 9.622613
4 9.578835
4 9.534875
4 9.490731
4 9.446404
4 9.401894
4 9.357200
4 9.312322
4 9.267262
4 9.222017
4 9.176589
4 9.130977
4 9.085182
4 9.039203
4 8.993040
4 8.946693
4 8.900163
4 8.853448
4 8.806549
4 8.759467
4 8.712200
4 8.664749
4 8.617114
4 8.569295
4 8.521292
4 8.473104
