376.0 0.949004
358.0 0.950735
341.0 0.952469
327.0 0.954207
313.0 0.955948
301.0 0.957692
289.0 0.95944
278.0 0.961191
268.0 0.962946
259.0 0.964704
251.0 0.966465
242.0 0.96823
235.0 0.969998
228.0 0.97177
221.0 0.973545
215.0 0.975324
209.0 0.977106
203.0 0.978891
198.0 0.98068
193.0 0.982473
188.0 0.984269
183.0 0.986069
179.0 0.987872
175.0 0.989679
171.0 0.991489
167.0 0.993304
164.0 0.995121
160.0 0.996943
157.0 0.998768
154.0 1.000596
151.0 1.002428
148.0 1.004265
145.0 1.006104
142.0 1.007948
139.0 1.009795
137.0 1.011646
134.0 1.013501
132.0 1.015359
130.0 1.017222
128.0 1.019088
126.0 1.020958
123.0 1.022832
121.0 1.02471
120.0 1.026591
118.0 1.028477
116.0 1.030366
114.0 1.03226
112.0 1.034157
111.0 1.036059
109.0 1.037964
108.0 1.039873
106.0 1.041787
105.0 1.043704
103.0 1.045626
102.0 1.047551
101.0 1.049481
99.0 1.051415
98.0 1.053353
97.0 1.055295
95.0 1.057241
94.0 1.059192
93.0 1.061146
92.0 1.063105
91.0 1.065068
90.0 1.067035
89.0 1.069007
88.0 1.070983
87.0 1.072963
86.0 1.074948
85.0 1.076937
84.0 1.07893
83.0 1.080927
82.0 1.082929
81.0 1.084936
80.0 1.086947
79.0 1.089972
78.0 1.093006
77.0 1.095035
76.0 1.098087
75.0 1.101149
74.0 1.103196
73.0 1.1062755
72.0 1.109364
71.0 1.112465
70.0 1.115575
69.0 1.118697
68.0 1.121828
67.0 1.1249715
66.0 1.1291785
65.0 1.133405
64.0 1.1376505
63.0 1.140847
62.0 1.144056
61.0 1.149429
60.0 1.1548315
59.0 1.159177
58.0 1.163543
57.0 1.167929
56.0 1.17344266667
55.0 1.178986
54.0 1.18456466667
53.0 1.19130166667
52.0 1.198087
51.0 1.20492166667
50.0 1.211805
49.0 1.21873833333
48.0 1.22572166667
47.0 1.23393525
46.0 1.24221566667
45.0 1.25056975
44.0 1.260203
43.0 1.269931
42.0 1.279755
41.0 1.2909246
40.0 1.3034788
39.0 1.3161886
38.0 1.3290566
37.0 1.34339883333
36.0 1.35926666667
35.0 1.37537183333
34.0 1.39309557143
33.0 1.41250157143
32.0 1.43224714286
31.0 1.45524688889
30.0 1.480172625
29.0 1.50563733333
28.0 1.5347331
27.0 1.56768454545
26.0 1.60474233333
25.0 1.64449558333
24.0 1.68884707143
23.0 1.73807164286
22.0 1.79438023529
21.0 1.8601335
20.0 1.93205021053
19.0 2.01432386364
18.0 2.11117076
17.0 2.21978214815
16.0 2.3418949375
15.0 2.4936106
14.0 2.76275634146
13.0 3.17797367347
12.0 3.71004526786
11.0 4.26550665217
10.0 4.74843733735
9.0 5.19790720192
8.0 5.52258918657
7.0 5.06233084358
6.0 5.815130736
5.0 19.4704897227
4.0 69.010275432
