376.0 0.316335
358.0 0.316912
341.0 0.31749
327.0 0.318069
313.0 0.318649
301.0 0.319231
289.0 0.319813
278.0 0.320397
268.0 0.320982
259.0 0.321568
251.0 0.322155
242.0 0.322743
235.0 0.323333
228.0 0.323923
221.0 0.324515
215.0 0.325108
209.0 0.325702
203.0 0.326297
198.0 0.326893
193.0 0.327491
188.0 0.32809
183.0 0.32869
179.0 0.329291
175.0 0.329893
171.0 0.330496
167.0 0.331101
164.0 0.331707
160.0 0.332314
157.0 0.332923
154.0 0.333532
151.0 0.334143
148.0 0.334755
145.0 0.335368
142.0 0.335983
139.0 0.336598
137.0 0.337215
134.0 0.337834
132.0 0.338453
130.0 0.339074
128.0 0.339696
126.0 0.340319
123.0 0.340944
121.0 0.34157
120.0 0.342197
118.0 0.342826
116.0 0.343455
114.0 0.344087
112.0 0.344719
111.0 0.345353
109.0 0.345988
108.0 0.346624
106.0 0.347262
105.0 0.347901
103.0 0.348542
102.0 0.349184
101.0 0.349827
99.0 0.350472
98.0 0.351118
97.0 0.351765
95.0 0.352414
94.0 0.353064
93.0 0.353715
92.0 0.354368
91.0 0.355023
90.0 0.355678
89.0 0.356336
88.0 0.356994
87.0 0.357654
86.0 0.358316
85.0 0.358979
84.0 0.359643
83.0 0.360309
82.0 0.360976
81.0 0.361645
80.0 0.362316
79.0 0.363324
78.0 0.364335
77.0 0.365012
76.0 0.366029
75.0 0.36705
74.0 0.367732
73.0 0.3687585
72.0 0.369788
71.0 0.370822
70.0 0.371858
69.0 0.372899
68.0 0.373943
67.0 0.3749905
66.0 0.3763925
65.0 0.377802
64.0 0.3792165
63.0 0.380282
62.0 0.381352
61.0 0.383143
60.0 0.384944
59.0 0.386392
58.0 0.3878475
57.0 0.3893095
56.0 0.391147666667
55.0 0.3929955
54.0 0.394854666667
53.0 0.397100666667
52.0 0.399362333333
51.0 0.401640666667
50.0 0.403935
49.0 0.406246
48.0 0.408573666667
47.0 0.411312
46.0 0.414071666667
45.0 0.4168565
44.0 0.42006775
43.0 0.42331025
42.0 0.426585
41.0 0.4303082
40.0 0.434493
39.0 0.4387296
38.0 0.443019
37.0 0.4477995
36.0 0.453088833333
35.0 0.458457333333
34.0 0.464365285714
33.0 0.470833714286
32.0 0.477415857143
31.0 0.485082222222
30.0 0.49339075
29.0 0.501879111111
28.0 0.5115777
27.0 0.522561545455
26.0 0.53491425
25.0 0.548165083333
24.0 0.562949
23.0 0.579357285714
22.0 0.598126882353
21.0 0.620044555556
20.0 0.644016789474
19.0 0.671441318182
18.0 0.70372364
17.0 0.73992737037
16.0 0.78063165625
15.0 0.831203542857
14.0 0.920918756098
13.0 1.05932453061
12.0 1.23668180357
11.0 1.42183556522
10.0 1.58281240964
9.0 1.73263574038
8.0 1.8408630597
7.0 1.68744360335
6.0 1.938376912
5.0 6.490163272
4.0 23.00342512
