376 0.949004
358 0.950735
341 0.952469
327 0.954207
313 0.955948
301 0.957692
289 0.959440
278 0.961191
268 0.962946
259 0.964704
251 0.966465
242 0.968230
235 0.969998
228 0.971770
221 0.973545
215 0.975324
209 0.977106
203 0.978891
198 0.980680
193 0.982473
188 0.984269
183 0.986069
179 0.987872
175 0.989679
171 0.991489
167 0.993304
164 0.995121
160 0.996943
157 0.998768
154 1.000596
151 1.002428
148 1.004265
145 1.006104
142 1.007948
139 1.009795
137 1.011646
134 1.013501
132 1.015359
130 1.017222
128 1.019088
126 1.020958
123 1.022832
121 1.024710
120 1.026591
118 1.028477
116 1.030366
114 1.032260
112 1.034157
111 1.036059
109 1.037964
108 1.039873
106 1.041787
105 1.043704
103 1.045626
102 1.047551
101 1.049481
99 1.051415
98 1.053353
97 1.055295
95 1.057241
94 1.059192
93 1.061146
92 1.063105
91 1.065068
90 1.067035
89 1.069007
88 1.070983
87 1.072963
86 1.074948
85 1.076937
84 1.078930
83 1.080927
82 1.082929
81 1.084936
80 1.086947
79 1.088962
79 1.090982
78 1.093006
77 1.095035
76 1.097068
76 1.099106
75 1.101149
74 1.103196
73 1.105247
73 1.107304
72 1.109364
71 1.111430
71 1.113500
70 1.115575
69 1.117655
69 1.119739
68 1.121828
67 1.123922
67 1.126021
66 1.128124
66 1.130233
65 1.132346
65 1.134464
64 1.136587
64 1.138714
63 1.140847
62 1.142985
62 1.145127
61 1.147275
61 1.149427
61 1.151585
60 1.153748
60 1.155915
59 1.158088
59 1.160266
58 1.162449
58 1.164637
57 1.166830
57 1.169028
56 1.171232
56 1.173441
56 1.175655
55 1.177874
55 1.180098
54 1.182328
54 1.184563
54 1.186803
53 1.189049
53 1.191300
53 1.193556
52 1.195818
52 1.198085
52 1.200358
51 1.202636
51 1.204920
51 1.207209
50 1.209503
50 1.211803
50 1.214109
49 1.216420
49 1.218736
49 1.221059
48 1.223386
48 1.225720
48 1.228059
47 1.230404
47 1.232754
47 1.235111
47 1.237472
46 1.239840
46 1.242214
46 1.244593
45 1.246978
45 1.249368
45 1.251765
45 1.254168
44 1.256576
44 1.258990
44 1.261410
44 1.263836
43 1.266268
43 1.268706
43 1.271150
43 1.273600
42 1.276056
42 1.278518
42 1.280986
42 1.283460
41 1.285940
41 1.288426
41 1.290918
41 1.293417
41 1.295922
40 1.298432
40 1.300949
40 1.303473
40 1.306002
40 1.308538
39 1.311080
39 1.313628
39 1.316182
39 1.318743
39 1.321310
38 1.323884
38 1.326464
38 1.329050
38 1.331643
38 1.334242
37 1.336847
37 1.339459
37 1.342078
37 1.344703
37 1.347334
37 1.349972
36 1.352617
36 1.355268
36 1.357926
36 1.360590
36 1.363261
36 1.365938
35 1.368622
35 1.371313
35 1.374011
35 1.376715
35 1.379426
35 1.382144
34 1.384868
34 1.387599
34 1.390337
34 1.393082
34 1.395834
34 1.398592
34 1.401357
33 1.404130
33 1.406909
33 1.409695
33 1.412488
33 1.415287
33 1.418094
33 1.420908
32 1.423729
32 1.426556
32 1.429391
32 1.432233
32 1.435082
32 1.437938
32 1.440801
31 1.443671
31 1.446548
31 1.449433
31 1.452324
31 1.455223
31 1.458129
31 1.461042
31 1.463962
31 1.466890
30 1.469824
30 1.472767
30 1.475716
30 1.478672
30 1.481636
30 1.484608
30 1.487586
30 1.490572
29 1.493565
29 1.496566
29 1.499574
29 1.502590
29 1.505613
29 1.508643
29 1.511681
29 1.514726
29 1.517778
28 1.520839
28 1.523906
28 1.526981
28 1.530064
28 1.533154
28 1.536252
28 1.539357
28 1.542470
28 1.545590
28 1.548718
27 1.551854
27 1.554997
27 1.558148
27 1.561306
27 1.564473
27 1.567646
27 1.570828
27 1.574017
27 1.577213
27 1.580418
27 1.583630
26 1.586850
26 1.590077
26 1.593312
26 1.596555
26 1.599806
26 1.603064
26 1.606330
26 1.609604
26 1.612886
26 1.616175
26 1.619472
26 1.622777
25 1.626090
25 1.629410
25 1.632739
25 1.636075
25 1.639419
25 1.642770
25 1.646130
25 1.649497
25 1.652872
25 1.656255
25 1.659646
25 1.663044
24 1.666451
24 1.669865
24 1.673287
24 1.676717
24 1.680155
24 1.683600
24 1.687054
24 1.690515
24 1.693984
24 1.697461
24 1.700946
24 1.704438
24 1.707939
24 1.711447
23 1.714963
23 1.718487
23 1.722019
23 1.725558
23 1.729106
23 1.732661
23 1.736224
23 1.739795
23 1.743373
23 1.746959
23 1.750554
23 1.754156
23 1.757765
23 1.761383
22 1.765008
22 1.768641
22 1.772282
22 1.775930
22 1.779587
22 1.783250
22 1.786922
22 1.790601
22 1.794288
22 1.797983
22 1.801685
22 1.805395
22 1.809113
22 1.812838
22 1.816571
22 1.820311
22 1.824059
21 1.827814
21 1.831577
21 1.835347
21 1.839125
21 1.842911
21 1.846703
21 1.850503
21 1.854311
21 1.858125
21 1.861948
21 1.865777
21 1.869613
21 1.873457
21 1.877308
21 1.881166
21 1.885031
21 1.888904
21 1.892783
20 1.896669
20 1.900562
20 1.904462
20 1.908369
20 1.912283
20 1.916204
20 1.920131
20 1.924065
20 1.928005
20 1.931953
20 1.935906
20 1.939866
20 1.943833
20 1.947806
20 1.951785
20 1.955770
20 1.959762
20 1.963760
20 1.967763
19 1.971773
19 1.975789
19 1.979811
19 1.983838
19 1.987871
19 1.991910
19 1.995954
19 2.000004
19 2.004059
19 2.008120
19 2.012186
19 2.016257
19 2.020333
19 2.024414
19 2.028500
19 2.032591
19 2.036687
19 2.040787
19 2.044892
19 2.049001
19 2.053115
19 2.057233
18 2.061355
18 2.065481
18 2.069611
18 2.073745
18 2.077883
18 2.082024
18 2.086169
18 2.090317
18 2.094468
18 2.098623
18 2.102780
18 2.106941
18 2.111104
18 2.115269
18 2.119437
18 2.123608
18 2.127780
18 2.131955
18 2.136132
18 2.140310
18 2.144490
18 2.148672
18 2.152854
18 2.157038
18 2.161223
17 2.165409
17 2.169595
17 2.173782
17 2.177970
17 2.182157
17 2.186345
17 2.190532
17 2.194719
17 2.198906
17 2.203092
17 2.207277
17 2.211462
17 2.215645
17 2.219827
17 2.224007
17 2.228186
17 2.232362
17 2.236537
17 2.240710
17 2.244881
17 2.249049
17 2.253214
17 2.257377
17 2.261537
17 2.265694
17 2.269848
17 2.273998
16 2.278146
16 2.282290
16 2.286430
16 2.290567
16 2.294700
16 2.298830
16 2.302955
16 2.307078
16 2.311196
16 2.315311
16 2.319423
16 2.323531
16 2.327635
16 2.331737
16 2.335835
16 2.339931
16 2.344024
16 2.348114
16 2.352203
16 2.356290
16 2.360376
16 2.364462
16 2.368547
16 2.372632
16 2.376718
16 2.380806
16 2.384897
16 2.388990
16 2.393087
16 2.397189
16 2.401297
16 2.405411
15 2.409533
15 2.413664
15 2.417805
15 2.421956
15 2.426120
15 2.430297
15 2.434488
15 2.438695
15 2.442919
15 2.447160
15 2.451420
15 2.455700
15 2.460000
15 2.464320
15 2.468663
15 2.474575
15 2.480546
15 2.486577
15 2.492666
15 2.498815
15 2.505024
15 2.511292
15 2.517619
15 2.524005
15 2.530451
15 2.536956
15 2.543521
15 2.550144
15 2.556827
15 2.563570
15 2.570371
15 2.577231
15 2.584150
15 2.591127
15 2.598164
14 2.605258
14 2.612411
14 2.619622
14 2.626891
14 2.634218
14 2.641602
14 2.649043
14 2.656542
14 2.664097
14 2.671709
14 2.679377
14 2.687101
14 2.694881
14 2.702716
14 2.710606
14 2.718551
14 2.726550
14 2.734604
14 2.742711
14 2.750872
14 2.759086
14 2.767352
14 2.775671
14 2.784041
14 2.792463
14 2.800936
14 2.809459
14 2.818033
14 2.826656
14 2.835329
14 2.844050
14 2.852820
14 2.861638
14 2.870503
14 2.879415
14 2.888373
14 2.897377
14 2.906426
14 2.915520
14 2.924659
14 2.933841
13 2.943066
13 2.952334
13 2.961644
13 2.970996
13 2.980388
13 2.989821
13 2.999293
13 3.008804
13 3.018353
13 3.027939
13 3.037562
13 3.047221
13 3.056914
13 3.066642
13 3.076403
13 3.086196
13 3.096022
13 3.105877
13 3.115763
13 3.125678
13 3.135621
13 3.145591
13 3.155587
13 3.165608
13 3.175654
13 3.185723
13 3.195814
13 3.205927
13 3.216061
13 3.226214
13 3.236385
13 3.246574
13 3.256780
13 3.267002
13 3.277238
13 3.287487
13 3.297750
13 3.308024
13 3.318309
13 3.328604
13 3.338908
13 3.349219
13 3.359538
13 3.369862
13 3.380191
13 3.390524
13 3.400861
13 3.411199
13 3.421539
12 3.431879
12 3.442218
12 3.452556
12 3.462891
12 3.473223
12 3.483550
12 3.493872
12 3.504188
12 3.514498
12 3.524799
12 3.535092
12 3.545375
12 3.555648
12 3.565909
12 3.576159
12 3.586396
12 3.596619
12 3.606828
12 3.617022
12 3.627199
12 3.637360
12 3.647504
12 3.657629
12 3.667736
12 3.677822
12 3.687889
12 3.697934
12 3.707958
12 3.717959
12 3.727937
12 3.737892
12 3.747822
12 3.757727
12 3.767606
12 3.777459
12 3.787286
12 3.797085
12 3.806856
12 3.816598
12 3.826311
12 3.835995
12 3.845648
12 3.855271
12 3.864862
12 3.874422
12 3.883950
12 3.893444
12 3.902906
12 3.912334
12 3.921728
12 3.931088
12 3.940412
12 3.949702
12 3.958955
12 3.968173
12 3.977354
11 3.986499
11 3.995606
11 4.004676
11 4.013708
11 4.022702
11 4.031658
11 4.040575
11 4.049453
11 4.058292
11 4.067092
11 4.075852
11 4.084572
11 4.093252
11 4.101891
11 4.110490
11 4.119049
11 4.127566
11 4.136043
11 4.144478
11 4.152872
11 4.161224
11 4.169535
11 4.177804
11 4.186032
11 4.194217
11 4.202361
11 4.210463
11 4.218523
11 4.226540
11 4.234516
11 4.242449
11 4.250340
11 4.258189
11 4.265995
11 4.273760
11 4.281482
11 4.289162
11 4.296800
11 4.304396
11 4.311950
11 4.319462
11 4.326932
11 4.334360
11 4.341747
11 4.349092
11 4.356395
11 4.363657
11 4.370878
11 4.378058
11 4.385197
11 4.392295
11 4.399352
11 4.406369
11 4.413346
11 4.420283
11 4.427180
11 4.434037
11 4.440855
11 4.447634
11 4.454374
11 4.461076
11 4.467739
11 4.474364
11 4.480951
11 4.487501
11 4.494014
11 4.500489
11 4.506928
11 4.513330
10 4.519696
10 4.526026
10 4.532320
10 4.538579
10 4.544803
10 4.550992
10 4.557147
10 4.563267
10 4.569353
10 4.575405
10 4.581424
10 4.587410
10 4.593364
10 4.599285
10 4.605175
10 4.611033
10 4.616860
10 4.622656
10 4.628422
10 4.634159
10 4.639866
10 4.645545
10 4.651195
10 4.656818
10 4.662413
10 4.667982
10 4.673524
10 4.679040
10 4.684531
10 4.689997
10 4.695439
10 4.700857
10 4.706252
10 4.711623
10 4.716973
10 4.722300
10 4.727607
10 4.732892
10 4.738157
10 4.743402
10 4.748627
10 4.753834
10 4.759022
10 4.764192
10 4.769344
10 4.774479
10 4.779598
10 4.784700
10 4.789786
10 4.794858
10 4.799914
10 4.804955
10 4.809983
10 4.814997
10 4.819997
10 4.824985
10 4.829961
10 4.834924
10 4.839876
10 4.844816
10 4.849746
10 4.854665
10 4.859574
10 4.864473
10 4.869363
10 4.874244
10 4.879116
10 4.883980
10 4.888835
10 4.893683
10 4.898523
10 4.903356
10 4.908183
10 4.913002
10 4.917815
10 4.922622
10 4.927423
10 4.932218
10 4.937008
10 4.941793
10 4.946573
10 4.951348
10 4.956119
9 4.960886
9 4.965648
9 4.970406
9 4.975161
9 4.979913
9 4.984661
9 4.989406
9 4.994148
9 4.998887
9 5.003624
9 5.008358
9 5.013090
9 5.017819
9 5.022546
9 5.027271
9 5.031994
9 5.036715
9 5.041434
9 5.046150
9 5.050865
9 5.055578
9 5.060289
9 5.064998
9 5.069705
9 5.074409
9 5.079112
9 5.083812
9 5.088510
9 5.093206
9 5.097899
9 5.102590
9 5.107277
9 5.111962
9 5.116643
9 5.121321
9 5.125996
9 5.130667
9 5.135334
9 5.139996
9 5.144654
9 5.149307
9 5.153955
9 5.158598
9 5.163235
9 5.167866
9 5.172491
9 5.177109
9 5.181720
9 5.186324
9 5.190920
9 5.195509
9 5.200089
9 5.204660
9 5.209222
9 5.213775
9 5.218318
9 5.222851
9 5.227373
9 5.231884
9 5.236383
9 5.240871
9 5.245346
9 5.249809
9 5.254258
9 5.258694
9 5.263116
9 5.267523
9 5.271915
9 5.276291
9 5.280652
9 5.284996
9 5.289323
9 5.293633
9 5.297925
9 5.302199
9 5.306453
9 5.310688
9 5.314903
9 5.319098
9 5.323272
9 5.327424
9 5.331554
9 5.335662
9 5.339746
9 5.343807
9 5.347844
9 5.351856
9 5.355843
9 5.359804
9 5.363739
9 5.367647
9 5.371528
9 5.375381
9 5.379206
9 5.383002
9 5.386768
9 5.390505
9 5.394211
9 5.397886
9 5.401530
9 5.405142
9 5.408721
9 5.412268
9 5.415781
8 5.419261
8 5.422706
8 5.426116
8 5.429491
8 5.432831
8 5.436134
8 5.439400
8 5.442630
8 5.445822
8 5.448976
8 5.452092
8 5.455169
8 5.458207
8 5.461206
8 5.464165
8 5.467084
8 5.469962
8 5.472800
8 5.475596
8 5.478351
8 5.481064
8 5.483735
8 5.486364
8 5.488950
8 5.491493
8 5.493993
8 5.496450
8 5.498863
8 5.501233
8 5.503559
8 5.505840
8 5.508078
8 5.510270
8 5.512419
8 5.514522
8 5.516581
8 5.518595
8 5.520563
8 5.522487
8 5.524365
8 5.526197
8 5.527984
8 5.529726
8 5.531421
8 5.533071
8 5.534675
8 5.536234
8 5.537746
8 5.539213
8 5.540633
8 5.542008
8 5.543337
8 5.544620
8 5.545857
8 5.547048
8 5.548193
8 5.549292
8 5.550346
8 5.551353
8 5.552316
8 5.553232
8 5.554104
8 5.554929
8 5.555710
8 5.556445
8 5.557136
8 5.557781
8 5.558381
8 5.558937
8 5.559449
8 5.559916
8 5.560338
8 5.560716
8 5.561050
8 5.561339
8 5.561583
8 5.561781
8 5.561935
8 5.562043
8 5.562105
8 5.562120
8 5.562088
8 5.562010
8 5.561883
8 5.561708
8 5.561485
8 5.561212
8 5.560889
8 5.560516
8 5.560091
8 5.559615
8 5.559087
8 5.558506
8 5.557871
8 5.557182
8 5.556438
8 5.555639
8 5.554784
8 5.553873
8 5.552904
8 5.551877
8 5.550791
8 5.549647
8 5.548443
8 5.547179
8 5.545853
8 5.544467
8 5.543019
8 5.541508
8 5.539935
8 5.538298
8 5.536597
8 5.534833
8 5.533003
8 5.531109
8 5.529150
8 5.527125
8 5.525033
8 5.522876
8 5.520652
8 5.518362
8 5.516004
8 5.513580
8 5.511088
8 5.508529
8 5.505903
8 5.503209
8 5.500448
8 5.497619
8 5.494723
8 5.491760
8 5.488729
8 5.485631
8 5.482467
7 5.479236
7 5.475938
7 5.472575
7 5.469145
7 5.465651
7 5.462091
7 5.458466
7 5.454777
7 5.451024
7 5.447208
7 5.443329
7 5.439387
7 5.435384
7 5.431320
7 5.427195
7 5.423010
7 5.418766
7 5.414463
7 5.410102
7 5.405684
7 5.401210
7 5.396680
7 5.392096
7 5.387458
7 5.382766
7 5.378023
7 5.373228
7 5.368383
7 5.363488
7 5.358545
7 5.353555
7 5.348519
7 5.343437
7 5.338312
7 5.333143
7 5.327932
7 5.322680
7 5.317389
7 5.312059
7 5.306692
7 5.301288
7 5.295850
7 5.290378
7 5.284874
7 5.279339
7 5.273773
7 5.268180
7 5.262559
7 5.256912
7 5.251241
7 5.245547
7 5.239831
7 5.234095
7 5.228339
7 5.222566
7 5.216777
7 5.210974
7 5.205157
7 5.199328
7 5.193488
7 5.187640
7 5.181784
7 5.175922
7 5.170056
7 5.164187
7 5.158315
7 5.152444
7 5.146574
7 5.140707
7 5.134844
7 5.128986
7 5.123136
7 5.117295
7 5.111463
7 5.105644
7 5.099837
7 5.094045
7 5.088269
7 5.082510
7 5.076771
7 5.071051
7 5.065354
7 5.059680
7 5.054030
7 5.048407
7 5.042811
7 5.037244
7 5.031707
7 5.026202
7 5.020730
7 5.015293
7 5.009892
7 5.004527
7 4.999201
7 4.993916
7 4.988671
7 4.983469
7 4.978311
7 4.973197
7 4.968130
7 4.963111
7 4.958141
7 4.953221
7 4.948352
7 4.943535
7 4.938773
7 4.934065
7 4.929413
7 4.924819
7 4.920283
7 4.915806
7 4.911390
7 4.907036
7 4.902744
7 4.898516
7 4.894353
7 4.890255
7 4.886225
7 4.882262
7 4.878368
7 4.874543
7 4.870789
7 4.867107
7 4.863496
7 4.859959
7 4.856496
7 4.853108
7 4.849796
7 4.846560
7 4.843401
7 4.840320
7 4.837318
7 4.834395
7 4.831553
7 4.828791
7 4.826111
7 4.823513
7 4.820998
7 4.818566
7 4.816218
7 4.813954
7 4.811776
7 4.809683
7 4.807677
7 4.805757
7 4.803925
7 4.802180
7 4.800524
7 4.798956
7 4.797477
7 4.796088
7 4.794789
7 4.793580
7 4.792462
7 4.791435
7 4.790500
7 4.789657
7 4.788907
7 4.788249
7 4.787684
7 4.787213
7 4.786836
7 4.786552
7 4.786364
7 4.786270
7 4.786271
7 4.786369
7 4.786562
7 4.786851
7 4.787237
7 4.787720
7 4.788300
7 4.788979
7 4.789755
7 4.790630
7 4.791604
7 4.792677
7 4.793849
7 4.795122
6 4.796496
6 4.797970
6 4.799545
6 4.801221
6 4.802999
6 4.804879
6 4.806861
6 4.808946
6 4.811133
6 4.813424
6 4.815817
6 4.818314
6 4.820914
6 4.823618
6 4.826427
6 4.829339
6 4.832355
6 4.835476
6 4.838701
6 4.842031
6 4.845466
6 4.849006
6 4.852651
6 4.856400
6 4.860255
6 4.864215
6 4.868280
6 4.872451
6 4.876727
6 4.881108
6 4.885595
6 4.890187
6 4.894884
6 4.899687
6 4.904595
6 4.909608
6 4.914727
6 4.919951
6 4.925280
6 4.930715
6 4.936254
6 4.941899
6 4.947649
6 4.953503
6 4.959462
6 4.965527
6 4.971695
6 4.977969
6 4.984346
6 4.990828
6 4.997415
6 5.004105
6 5.010899
6 5.017798
6 5.024799
6 5.031905
6 5.039114
6 5.046426
6 5.053841
6 5.061359
6 5.068981
6 5.076704
6 5.084531
6 5.092459
6 5.100490
6 5.108623
6 5.116858
6 5.125194
6 5.133632
6 5.142171
6 5.150811
6 5.159553
6 5.168395
6 5.177338
6 5.186381
6 5.195525
6 5.204768
6 5.214112
6 5.223556
6 5.233099
6 5.242741
6 5.252483
6 5.262323
6 5.272263
6 5.282301
6 5.292438
6 5.302674
6 5.313007
6 5.323439
6 5.333968
6 5.344596
6 5.355320
6 5.366143
6 5.377063
6 5.388079
6 5.399193
6 5.410404
6 5.421711
6 5.433116
6 5.444616
6 5.456213
6 5.467906
6 5.479696
6 5.491581
6 5.503562
6 5.515639
6 5.527812
6 5.540080
6 5.552444
6 5.564904
6 5.577458
6 5.590108
6 5.602853
6 5.615693
6 5.628628
6 5.641659
6 5.654784
6 5.668004
6 5.681318
6 5.694728
6 5.708232
6 5.721831
6 5.735525
6 5.749313
6 5.763196
6 5.777173
6 5.791245
6 5.805412
6 5.819673
6 5.834028
6 5.848478
6 5.863023
6 5.877661
6 5.892392
6 5.907213
6 5.922122
6 5.937117
6 5.952192
6 5.967346
6 5.982572
6 5.997867
6 6.013225
6 6.028640
6 6.044106
6 6.059616
6 6.075165
6 6.090746
6 6.106350
6 6.121970
6 6.137599
6 6.153230
6 6.168853
6 6.184460
6 6.200044
6 6.215595
6 6.231106
6 6.246566
6 6.261968
6 6.277303
6 6.292562
6 6.307735
6 6.322813
6 6.337789
6 6.352652
6 6.367394
6 6.382006
6 6.396479
6 6.410804
6 6.424972
6 6.438976
6 6.452805
6 6.466451
6 6.479907
6 6.493163
6 6.506212
6 6.519046
6 6.531656
6 6.544035
6 6.556175
6 6.568069
6 6.579709
6 6.591088
6 6.602199
6 6.613036
6 6.623591
6 6.633859
6 6.643833
6 6.653507
6 6.662876
6 6.671933
6 6.680674
6 6.689093
6 6.697186
6 6.704948
6 6.712374
6 6.719461
6 6.726205
6 6.732601
6 6.738648
6 6.744341
6 6.749677
6 6.754655
6 6.759271
6 6.763524
6 6.767412
6 6.770932
6 6.774085
6 6.776869
6 6.779282
6 6.781325
6 6.782997
6 6.784299
6 6.785230
6 6.785790
6 6.785982
6 6.785804
6 6.785260
6 6.784351
6 6.783077
6 6.781442
6 6.779447
6 6.777095
6 6.774389
6 6.771331
6 6.767926
6 6.764176
6 6.760085
6 6.755657
6 6.750897
6 6.745808
6 6.740396
6 6.734665
6 6.728620
6 6.722267
6 6.715611
6 6.708658
6 6.701414
6 6.693885
6 6.686078
6 6.677998
6 6.669653
6 6.661050
6 6.652195
6 6.643097
6 6.633762
6 6.624199
6 6.614415
6 6.604418
6 6.594217
6 6.583819
5 6.573234
5 6.562471
5 6.551537
5 6.540443
5 6.529196
5 6.491393
5 6.453243
5 6.414814
5 6.376179
5 6.337411
5 6.298588
5 6.259789
5 6.221092
5 6.182575
5 6.144316
5 6.106390
5 6.068870
5 6.031829
5 5.995334
5 5.959451
5 5.924243
5 5.889769
5 5.856086
5 5.823247
5 5.791301
5 5.760295
5 5.730272
5 5.701271
5 5.673329
5 5.646481
5 5.620758
5 5.596187
5 5.572793
5 5.550601
5 5.529630
5 5.509899
5 5.491424
5 5.474219
5 5.458296
5 5.443665
5 5.430335
5 5.418313
5 5.407606
5 5.398216
5 5.390148
5 5.383403
5 5.377982
5 5.373885
5 5.371111
5 5.369657
5 5.369522
5 5.370702
5 5.373193
5 5.376990
5 5.382089
5 5.388484
5 5.396169
5 5.405138
5 5.415384
5 5.426900
5 5.439680
5 5.453715
5 5.468999
5 5.485523
5 5.503280
5 5.522262
5 5.542461
5 5.563868
5 5.586476
5 5.610276
5 5.635259
5 5.661419
5 5.688746
5 5.717232
5 5.746870
5 5.777650
5 5.809565
5 5.842607
5 5.876767
5 5.912038
5 5.948412
5 5.985881
5 6.024437
5 6.064073
5 6.104781
5 6.146554
5 6.189384
5 6.233264
5 6.278187
5 6.324145
5 6.371132
5 6.419141
5 6.468165
5 6.518198
5 6.569232
5 6.621261
5 6.674279
5 6.728279
5 6.783256
5 6.839203
5 6.896114
5 6.953984
5 7.012806
5 7.072574
5 7.133284
5 7.194929
5 7.257505
5 7.321005
5 7.385425
5 7.450759
5 7.517002
5 7.584150
5 7.652196
5 7.721138
5 7.790969
5 7.861686
5 7.933283
5 8.005756
5 8.079100
5 8.153312
5 8.228387
5 8.304321
5 8.381109
5 8.458748
5 8.537234
5 8.616563
5 8.696731
5 8.777733
5 8.859568
5 8.942230
5 9.025716
5 9.110024
5 9.195148
5 9.281087
5 9.367836
5 9.455393
5 9.543754
5 9.632915
5 9.722875
5 9.813630
5 9.905177
5 9.997513
5 10.090635
5 10.184540
5 10.279226
5 10.374690
5 10.470929
5 10.567941
5 10.665723
5 10.764272
5 10.863586
5 10.963663
5 11.064501
5 11.166096
5 11.268447
5 11.371551
5 11.475407
5 11.580011
5 11.685363
5 11.791459
5 11.898299
5 12.005879
5 12.114198
5 12.223253
5 12.333044
5 12.443568
5 12.554824
5 12.666809
5 12.779522
5 12.892962
5 13.007125
5 13.122012
5 13.237620
5 13.353948
5 13.470994
5 13.588757
5 13.707235
5 13.826426
5 13.946331
5 14.066946
5 14.188271
5 14.310304
5 14.433045
5 14.556491
5 14.680642
5 14.805497
5 14.931053
5 15.057311
5 15.184269
5 15.311926
5 15.440280
5 15.569332
5 15.699079
5 15.829521
5 15.960657
5 16.092486
5 16.225007
5 16.358220
5 16.492122
5 16.626714
5 16.761995
5 16.897964
5 17.034620
5 17.171962
5 17.309990
5 17.448703
5 17.588100
5 17.728181
5 17.868945
5 18.010391
5 18.152519
5 18.295328
5 18.438818
5 18.582989
5 18.727839
5 18.873368
5 19.019576
5 19.166462
5 19.314026
5 19.462267
5 19.611186
5 19.760781
5 19.911053
5 20.062000
5 20.213624
5 20.365922
5 20.518896
5 20.672545
5 20.826868
5 20.981865
5 21.137537
5 21.293883
5 21.450902
5 21.608595
5 21.766961
5 21.926001
5 22.085714
5 22.246101
5 22.407160
5 22.568892
5 22.731297
5 22.894375
5 23.058126
5 23.222549
5 23.387646
5 23.553415
5 23.719857
5 23.886973
5 24.054761
5 24.223222
5 24.392357
5 24.562165
5 24.732646
5 24.903801
5 25.075629
5 25.248131
5 25.421307
5 25.595158
5 25.769683
5 25.944882
5 26.120756
5 26.297306
5 26.474530
5 26.652430
5 26.831006
5 27.010258
5 27.190186
5 27.370792
5 27.552074
5 27.734033
5 27.916670
5 28.099985
5 28.283979
5 28.468651
5 28.654002
5 28.840033
5 29.026744
5 29.214135
5 29.402207
5 29.590960
5 29.780395
5 29.970511
5 30.161311
5 30.352793
5 30.544959
5 30.737809
5 30.931343
5 31.125563
5 31.320468
5 31.516059
5 31.712337
5 31.909302
5 32.106954
5 32.305295
5 32.504325
5 32.704044
5 32.904453
5 33.105553
5 33.307345
5 33.509828
5 33.713004
5 33.916873
5 34.121435
5 34.326692
5 34.532645
5 34.739293
5 34.946638
5 35.154679
5 35.363419
5 35.572857
5 35.782995
5 35.993832
5 36.205370
5 36.417610
5 36.630552
5 36.844197
5 37.058546
5 37.273599
5 37.489357
5 37.705822
5 37.922993
5 38.140872
5 38.359459
5 38.578755
5 38.798762
5 39.019480
5 39.240909
5 39.463050
5 39.685905
5 39.909475
5 40.133759
5 40.358760
5 40.584477
5 40.810912
5 41.038065
5 41.265938
5 41.494532
5 41.723846
5 41.953883
5 42.184644
5 42.416128
5 42.648337
5 42.881272
5 43.114934
5 43.349324
5 43.584443
5 43.820291
5 44.056870
5 44.294181
5 44.532225
5 44.771002
5 45.010514
5 45.250762
5 45.491747
5 45.733469
5 45.975930
5 46.219131
5 46.463073
5 46.707757
5 46.953184
5 47.199354
5 47.446270
5 47.693932
5 47.942342
5 48.191499
5 48.441406
5 48.692064
5 48.943473
5 49.195636
5 49.448552
5 49.702223
5 49.956650
5 50.211835
5 50.467778
5 50.724481
4 50.981944
4 51.240170
4 51.499159
4 51.758912
4 52.019431
4 52.280716
4 52.542769
4 52.805591
4 53.069183
4 53.333546
4 53.598682
4 53.864591
4 54.131275
4 54.398734
4 54.666970
4 54.935984
4 55.205777
4 55.476349
4 55.747703
4 56.019839
4 56.292759
4 56.566462
4 56.840951
4 57.116226
4 57.392289
4 57.669140
4 57.946780
4 58.225211
4 58.504433
4 58.784448
4 59.065257
4 59.346859
4 59.629257
4 59.912452
4 60.196444
4 60.481234
4 60.766824
4 61.053214
4 61.340405
4 61.628398
4 61.917194
4 62.206794
4 62.497200
4 62.788410
4 63.080428
4 63.373253
4 63.666887
4 63.961330
4 64.256583
4 64.552647
4 64.849524
4 65.147213
4 65.445716
4 65.745033
4 66.045166
4 66.346114
4 66.647880
4 66.950464
4 67.253866
4 67.558087
4 67.863129
4 68.168992
4 68.475676
4 68.783183
4 69.091514
4 69.400668
4 69.710647
4 70.021452
4 70.333082
4 70.645540
4 70.958826
4 71.272940
4 71.587883
4 71.903656
4 72.220259
4 72.537694
4 72.855961
4 73.175060
4 73.494992
4 73.815758
4 74.137359
4 74.459795
4 74.783067
4 75.107176
4 75.432121
4 75.757905
4 76.084526
4 76.411987
4 76.740287
4 77.069428
4 77.399409
4 77.730231
4 78.061896
4 78.394403
4 78.727753
4 79.061946
4 79.396984
4 79.732867
4 80.069595
4 80.407169
4 80.745589
4 81.084856
4 81.424971
4 81.765933
4 82.107744
4 82.450405
4 82.793914
4 83.138274
4 83.483484
4 83.829546
4 84.176458
4 84.524223
4 84.872841
4 85.222311
4 85.572635
4 85.923813
4 86.275845
4 86.628733
4 86.982475
4 87.337074
4 87.692528
4 88.048840
4 88.406009
4 88.764035
4 89.122920
