376 0.316335
358 0.316912
341 0.317490
327 0.318069
313 0.318649
301 0.319231
289 0.319813
278 0.320397
268 0.320982
259 0.321568
251 0.322155
242 0.322743
235 0.323333
228 0.323923
221 0.324515
215 0.325108
209 0.325702
203 0.326297
198 0.326893
193 0.327491
188 0.328090
183 0.328690
179 0.329291
175 0.329893
171 0.330496
167 0.331101
164 0.331707
160 0.332314
157 0.332923
154 0.333532
151 0.334143
148 0.334755
145 0.335368
142 0.335983
139 0.336598
137 0.337215
134 0.337834
132 0.338453
130 0.339074
128 0.339696
126 0.340319
123 0.340944
121 0.341570
120 0.342197
118 0.342826
116 0.343455
114 0.344087
112 0.344719
111 0.345353
109 0.345988
108 0.346624
106 0.347262
105 0.347901
103 0.348542
102 0.349184
101 0.349827
99 0.350472
98 0.351118
97 0.351765
95 0.352414
94 0.353064
93 0.353715
92 0.354368
91 0.355023
90 0.355678
89 0.356336
88 0.356994
87 0.357654
86 0.358316
85 0.358979
84 0.359643
83 0.360309
82 0.360976
81 0.361645
80 0.362316
79 0.362987
79 0.363661
78 0.364335
77 0.365012
76 0.365689
76 0.366369
75 0.367050
74 0.367732
73 0.368416
73 0.369101
72 0.369788
71 0.370477
71 0.371167
70 0.371858
69 0.372552
69 0.373246
68 0.373943
67 0.374641
67 0.375340
66 0.376041
66 0.376744
65 0.377449
65 0.378155
64 0.378862
64 0.379571
63 0.380282
62 0.380995
62 0.381709
61 0.382425
61 0.383142
61 0.383862
60 0.384583
60 0.385305
59 0.386029
59 0.386755
58 0.387483
58 0.388212
57 0.388943
57 0.389676
56 0.390411
56 0.391147
56 0.391885
55 0.392625
55 0.393366
54 0.394109
54 0.394854
54 0.395601
53 0.396350
53 0.397100
53 0.397852
52 0.398606
52 0.399362
52 0.400119
51 0.400879
51 0.401640
51 0.402403
50 0.403168
50 0.403934
50 0.404703
49 0.405473
49 0.406245
49 0.407020
48 0.407795
48 0.408573
48 0.409353
47 0.410135
47 0.410918
47 0.411704
47 0.412491
46 0.413280
46 0.414071
46 0.414864
45 0.415659
45 0.416456
45 0.417255
45 0.418056
44 0.418859
44 0.419663
44 0.420470
44 0.421279
43 0.422089
43 0.422902
43 0.423717
43 0.424533
42 0.425352
42 0.426173
42 0.426995
42 0.427820
41 0.428647
41 0.429475
41 0.430306
41 0.431139
41 0.431974
40 0.432811
40 0.433650
40 0.434491
40 0.435334
40 0.436179
39 0.437027
39 0.437876
39 0.438727
39 0.439581
39 0.440437
38 0.441295
38 0.442155
38 0.443017
38 0.443881
38 0.444747
37 0.445616
37 0.446486
37 0.447359
37 0.448234
37 0.449111
37 0.449991
36 0.450872
36 0.451756
36 0.452642
36 0.453530
36 0.454420
36 0.455313
35 0.456207
35 0.457104
35 0.458004
35 0.458905
35 0.459809
35 0.460715
34 0.461623
34 0.462533
34 0.463446
34 0.464361
34 0.465278
34 0.466197
34 0.467119
33 0.468043
33 0.468970
33 0.469898
33 0.470829
33 0.471762
33 0.472698
33 0.473636
32 0.474576
32 0.475519
32 0.476464
32 0.477411
32 0.478361
32 0.479313
32 0.480267
31 0.481224
31 0.482183
31 0.483144
31 0.484108
31 0.485074
31 0.486043
31 0.487014
31 0.487987
31 0.488963
30 0.489941
30 0.490922
30 0.491905
30 0.492891
30 0.493879
30 0.494869
30 0.495862
30 0.496857
29 0.497855
29 0.498855
29 0.499858
29 0.500863
29 0.501871
29 0.502881
29 0.503894
29 0.504909
29 0.505926
28 0.506946
28 0.507969
28 0.508994
28 0.510021
28 0.511051
28 0.512084
28 0.513119
28 0.514157
28 0.515197
28 0.516239
27 0.517285
27 0.518332
27 0.519383
27 0.520435
27 0.521491
27 0.522549
27 0.523609
27 0.524672
27 0.525738
27 0.526806
27 0.527877
26 0.528950
26 0.530026
26 0.531104
26 0.532185
26 0.533269
26 0.534355
26 0.535443
26 0.536535
26 0.537629
26 0.538725
26 0.539824
26 0.540926
25 0.542030
25 0.543137
25 0.544246
25 0.545358
25 0.546473
25 0.547590
25 0.548710
25 0.549832
25 0.550957
25 0.552085
25 0.553215
25 0.554348
24 0.555484
24 0.556622
24 0.557762
24 0.558906
24 0.560052
24 0.561200
24 0.562351
24 0.563505
24 0.564661
24 0.565820
24 0.566982
24 0.568146
24 0.569313
24 0.570482
23 0.571654
23 0.572829
23 0.574006
23 0.575186
23 0.576369
23 0.577554
23 0.578741
23 0.579932
23 0.581124
23 0.582320
23 0.583518
23 0.584719
23 0.585922
23 0.587128
22 0.588336
22 0.589547
22 0.590761
22 0.591977
22 0.593196
22 0.594417
22 0.595641
22 0.596867
22 0.598096
22 0.599328
22 0.600562
22 0.601798
22 0.603038
22 0.604279
22 0.605524
22 0.606770
22 0.608020
21 0.609271
21 0.610526
21 0.611782
21 0.613042
21 0.614304
21 0.615568
21 0.616834
21 0.618104
21 0.619375
21 0.620649
21 0.621926
21 0.623204
21 0.624486
21 0.625769
21 0.627055
21 0.628344
21 0.629635
21 0.630928
20 0.632223
20 0.633521
20 0.634821
20 0.636123
20 0.637428
20 0.638735
20 0.640044
20 0.641355
20 0.642668
20 0.643984
20 0.645302
20 0.646622
20 0.647944
20 0.649269
20 0.650595
20 0.651923
20 0.653254
20 0.654587
20 0.655921
19 0.657258
19 0.658596
19 0.659937
19 0.661279
19 0.662624
19 0.663970
19 0.665318
19 0.666668
19 0.668020
19 0.669373
19 0.670729
19 0.672086
19 0.673444
19 0.674805
19 0.676167
19 0.677530
19 0.678896
19 0.680262
19 0.681631
19 0.683000
19 0.684372
19 0.685744
18 0.687118
18 0.688494
18 0.689870
18 0.691248
18 0.692628
18 0.694008
18 0.695390
18 0.696772
18 0.698156
18 0.699541
18 0.700927
18 0.702314
18 0.703701
18 0.705090
18 0.706479
18 0.707869
18 0.709260
18 0.710652
18 0.712044
18 0.713437
18 0.714830
18 0.716224
18 0.717618
18 0.719013
18 0.720408
17 0.721803
17 0.723198
17 0.724594
17 0.725990
17 0.727386
17 0.728782
17 0.730177
17 0.731573
17 0.732969
17 0.734364
17 0.735759
17 0.737154
17 0.738548
17 0.739942
17 0.741336
17 0.742729
17 0.744121
17 0.745512
17 0.746903
17 0.748294
17 0.749683
17 0.751071
17 0.752459
17 0.753846
17 0.755231
17 0.756616
17 0.757999
16 0.759382
16 0.760763
16 0.762143
16 0.763522
16 0.764900
16 0.766277
16 0.767652
16 0.769026
16 0.770399
16 0.771770
16 0.773141
16 0.774510
16 0.775878
16 0.777246
16 0.778612
16 0.779977
16 0.781341
16 0.782705
16 0.784068
16 0.785430
16 0.786792
16 0.788154
16 0.789516
16 0.790877
16 0.792239
16 0.793602
16 0.794966
16 0.796330
16 0.797696
16 0.799063
16 0.800432
16 0.801804
15 0.803178
15 0.804555
15 0.805935
15 0.807319
15 0.808707
15 0.810099
15 0.811496
15 0.812898
15 0.814306
15 0.815720
15 0.817140
15 0.818567
15 0.820000
15 0.821440
15 0.822888
15 0.824858
15 0.826849
15 0.828859
15 0.830889
15 0.832938
15 0.835008
15 0.837097
15 0.839206
15 0.841335
15 0.843484
15 0.845652
15 0.847840
15 0.850048
15 0.852276
15 0.854523
15 0.856790
15 0.859077
15 0.861383
15 0.863709
15 0.866055
14 0.868419
14 0.870804
14 0.873207
14 0.875630
14 0.878073
14 0.880534
14 0.883014
14 0.885514
14 0.888032
14 0.890570
14 0.893126
14 0.895700
14 0.898294
14 0.900905
14 0.903535
14 0.906184
14 0.908850
14 0.911535
14 0.914237
14 0.916957
14 0.919695
14 0.922451
14 0.925224
14 0.928014
14 0.930821
14 0.933645
14 0.936486
14 0.939344
14 0.942219
14 0.945110
14 0.948017
14 0.950940
14 0.953879
14 0.956834
14 0.959805
14 0.962791
14 0.965792
14 0.968809
14 0.971840
14 0.974886
14 0.977947
13 0.981022
13 0.984111
13 0.987215
13 0.990332
13 0.993463
13 0.996607
13 0.999764
13 1.002935
13 1.006118
13 1.009313
13 1.012521
13 1.015740
13 1.018971
13 1.022214
13 1.025468
13 1.028732
13 1.032007
13 1.035292
13 1.038588
13 1.041893
13 1.045207
13 1.048530
13 1.051862
13 1.055203
13 1.058551
13 1.061908
13 1.065271
13 1.068642
13 1.072020
13 1.075405
13 1.078795
13 1.082191
13 1.085593
13 1.089001
13 1.092413
13 1.095829
13 1.099250
13 1.102675
13 1.106103
13 1.109535
13 1.112969
13 1.116406
13 1.119846
13 1.123287
13 1.126730
13 1.130175
13 1.133620
13 1.137066
13 1.140513
12 1.143960
12 1.147406
12 1.150852
12 1.154297
12 1.157741
12 1.161183
12 1.164624
12 1.168063
12 1.171499
12 1.174933
12 1.178364
12 1.181792
12 1.185216
12 1.188636
12 1.192053
12 1.195465
12 1.198873
12 1.202276
12 1.205674
12 1.209066
12 1.212453
12 1.215835
12 1.219210
12 1.222579
12 1.225941
12 1.229296
12 1.232645
12 1.235986
12 1.239320
12 1.242646
12 1.245964
12 1.249274
12 1.252576
12 1.255869
12 1.259153
12 1.262429
12 1.265695
12 1.268952
12 1.272199
12 1.275437
12 1.278665
12 1.281883
12 1.285090
12 1.288287
12 1.291474
12 1.294650
12 1.297815
12 1.300969
12 1.304111
12 1.307243
12 1.310363
12 1.313471
12 1.316567
12 1.319652
12 1.322724
12 1.325785
11 1.328833
11 1.331869
11 1.334892
11 1.337903
11 1.340901
11 1.343886
11 1.346858
11 1.349818
11 1.352764
11 1.355697
11 1.358617
11 1.361524
11 1.364417
11 1.367297
11 1.370163
11 1.373016
11 1.375855
11 1.378681
11 1.381493
11 1.384291
11 1.387075
11 1.389845
11 1.392601
11 1.395344
11 1.398072
11 1.400787
11 1.403488
11 1.406174
11 1.408847
11 1.411505
11 1.414150
11 1.416780
11 1.419396
11 1.421998
11 1.424587
11 1.427161
11 1.429721
11 1.432267
11 1.434799
11 1.437317
11 1.439821
11 1.442311
11 1.444787
11 1.447249
11 1.449697
11 1.452132
11 1.454552
11 1.456959
11 1.459353
11 1.461732
11 1.464098
11 1.466451
11 1.468790
11 1.471115
11 1.473428
11 1.475727
11 1.478012
11 1.480285
11 1.482545
11 1.484791
11 1.487025
11 1.489246
11 1.491455
11 1.493650
11 1.495834
11 1.498005
11 1.500163
11 1.502309
11 1.504443
10 1.506565
10 1.508675
10 1.510773
10 1.512860
10 1.514934
10 1.516997
10 1.519049
10 1.521089
10 1.523118
10 1.525135
10 1.527141
10 1.529137
10 1.531121
10 1.533095
10 1.535058
10 1.537011
10 1.538953
10 1.540885
10 1.542807
10 1.544720
10 1.546622
10 1.548515
10 1.550398
10 1.552273
10 1.554138
10 1.555994
10 1.557841
10 1.559680
10 1.561510
10 1.563332
10 1.565146
10 1.566952
10 1.568751
10 1.570541
10 1.572324
10 1.574100
10 1.575869
10 1.577631
10 1.579386
10 1.581134
10 1.582876
10 1.584611
10 1.586341
10 1.588064
10 1.589781
10 1.591493
10 1.593199
10 1.594900
10 1.596595
10 1.598286
10 1.599971
10 1.601652
10 1.603328
10 1.604999
10 1.606666
10 1.608328
10 1.609987
10 1.611641
10 1.613292
10 1.614939
10 1.616582
10 1.618222
10 1.619858
10 1.621491
10 1.623121
10 1.624748
10 1.626372
10 1.627993
10 1.629612
10 1.631228
10 1.632841
10 1.634452
10 1.636061
10 1.637667
10 1.639272
10 1.640874
10 1.642474
10 1.644073
10 1.645669
10 1.647264
10 1.648858
10 1.650449
10 1.652040
9 1.653629
9 1.655216
9 1.656802
9 1.658387
9 1.659971
9 1.661554
9 1.663135
9 1.664716
9 1.666296
9 1.667875
9 1.669453
9 1.671030
9 1.672606
9 1.674182
9 1.675757
9 1.677331
9 1.678905
9 1.680478
9 1.682050
9 1.683622
9 1.685193
9 1.686763
9 1.688333
9 1.689902
9 1.691470
9 1.693037
9 1.694604
9 1.696170
9 1.697735
9 1.699300
9 1.700863
9 1.702426
9 1.703987
9 1.705548
9 1.707107
9 1.708665
9 1.710222
9 1.711778
9 1.713332
9 1.714885
9 1.716436
9 1.717985
9 1.719533
9 1.721078
9 1.722622
9 1.724164
9 1.725703
9 1.727240
9 1.728775
9 1.730307
9 1.731836
9 1.733363
9 1.734887
9 1.736407
9 1.737925
9 1.739439
9 1.740950
9 1.742458
9 1.743961
9 1.745461
9 1.746957
9 1.748449
9 1.749936
9 1.751419
9 1.752898
9 1.754372
9 1.755841
9 1.757305
9 1.758764
9 1.760217
9 1.761665
9 1.763108
9 1.764544
9 1.765975
9 1.767400
9 1.768818
9 1.770229
9 1.771634
9 1.773033
9 1.774424
9 1.775808
9 1.777185
9 1.778554
9 1.779915
9 1.781269
9 1.782615
9 1.783952
9 1.785281
9 1.786601
9 1.787913
9 1.789216
9 1.790509
9 1.791794
9 1.793069
9 1.794334
9 1.795589
9 1.796835
9 1.798070
9 1.799295
9 1.800510
9 1.801714
9 1.802907
9 1.804089
9 1.805260
8 1.806420
8 1.807569
8 1.808705
8 1.809830
8 1.810944
8 1.812045
8 1.813133
8 1.814210
8 1.815274
8 1.816325
8 1.817364
8 1.818390
8 1.819402
8 1.820402
8 1.821388
8 1.822361
8 1.823321
8 1.824267
8 1.825199
8 1.826117
8 1.827021
8 1.827912
8 1.828788
8 1.829650
8 1.830498
8 1.831331
8 1.832150
8 1.832954
8 1.833744
8 1.834520
8 1.835280
8 1.836026
8 1.836757
8 1.837473
8 1.838174
8 1.838860
8 1.839532
8 1.840188
8 1.840829
8 1.841455
8 1.842066
8 1.842661
8 1.843242
8 1.843807
8 1.844357
8 1.844892
8 1.845411
8 1.845915
8 1.846404
8 1.846878
8 1.847336
8 1.847779
8 1.848207
8 1.848619
8 1.849016
8 1.849398
8 1.849764
8 1.850115
8 1.850451
8 1.850772
8 1.851077
8 1.851368
8 1.851643
8 1.851903
8 1.852148
8 1.852379
8 1.852594
8 1.852794
8 1.852979
8 1.853150
8 1.853305
8 1.853446
8 1.853572
8 1.853683
8 1.853780
8 1.853861
8 1.853927
8 1.853978
8 1.854014
8 1.854035
8 1.854040
8 1.854029
8 1.854003
8 1.853961
8 1.853903
8 1.853828
8 1.853737
8 1.853630
8 1.853505
8 1.853364
8 1.853205
8 1.853029
8 1.852835
8 1.852624
8 1.852394
8 1.852146
8 1.851880
8 1.851595
8 1.851291
8 1.850968
8 1.850626
8 1.850264
8 1.849882
8 1.849481
8 1.849060
8 1.848618
8 1.848156
8 1.847673
8 1.847169
8 1.846645
8 1.846099
8 1.845532
8 1.844944
8 1.844334
8 1.843703
8 1.843050
8 1.842375
8 1.841678
8 1.840959
8 1.840217
8 1.839454
8 1.838668
8 1.837860
8 1.837029
8 1.836176
8 1.835301
8 1.834403
8 1.833483
8 1.832540
8 1.831574
8 1.830587
8 1.829576
8 1.828544
8 1.827489
7 1.826412
7 1.825313
7 1.824192
7 1.823048
7 1.821884
7 1.820697
7 1.819489
7 1.818259
7 1.817008
7 1.815736
7 1.814443
7 1.813129
7 1.811795
7 1.810440
7 1.809065
7 1.807670
7 1.806255
7 1.804821
7 1.803367
7 1.801895
7 1.800403
7 1.798893
7 1.797365
7 1.795819
7 1.794255
7 1.792674
7 1.791076
7 1.789461
7 1.787829
7 1.786182
7 1.784518
7 1.782840
7 1.781146
7 1.779437
7 1.777714
7 1.775977
7 1.774227
7 1.772463
7 1.770686
7 1.768897
7 1.767096
7 1.765283
7 1.763459
7 1.761625
7 1.759780
7 1.757924
7 1.756060
7 1.754186
7 1.752304
7 1.750414
7 1.748516
7 1.746610
7 1.744698
7 1.742780
7 1.740855
7 1.738926
7 1.736991
7 1.735052
7 1.733109
7 1.731163
7 1.729213
7 1.727261
7 1.725307
7 1.723352
7 1.721396
7 1.719438
7 1.717481
7 1.715525
7 1.713569
7 1.711615
7 1.709662
7 1.707712
7 1.705765
7 1.703821
7 1.701881
7 1.699946
7 1.698015
7 1.696090
7 1.694170
7 1.692257
7 1.690350
7 1.688451
7 1.686560
7 1.684677
7 1.682802
7 1.680937
7 1.679081
7 1.677236
7 1.675401
7 1.673577
7 1.671764
7 1.669964
7 1.668176
7 1.666400
7 1.664639
7 1.662890
7 1.661156
7 1.659437
7 1.657732
7 1.656043
7 1.654370
7 1.652714
7 1.651074
7 1.649451
7 1.647845
7 1.646258
7 1.644688
7 1.643138
7 1.641606
7 1.640094
7 1.638602
7 1.637130
7 1.635679
7 1.634248
7 1.632839
7 1.631451
7 1.630085
7 1.628742
7 1.627421
7 1.626123
7 1.624848
7 1.623596
7 1.622369
7 1.621165
7 1.619986
7 1.618832
7 1.617703
7 1.616599
7 1.615520
7 1.614467
7 1.613440
7 1.612439
7 1.611465
7 1.610518
7 1.609597
7 1.608704
7 1.607838
7 1.606999
7 1.606189
7 1.605406
7 1.604651
7 1.603925
7 1.603228
7 1.602559
7 1.601919
7 1.601308
7 1.600727
7 1.600175
7 1.599652
7 1.599159
7 1.598696
7 1.598263
7 1.597860
7 1.597487
7 1.597145
7 1.596833
7 1.596552
7 1.596302
7 1.596083
7 1.595895
7 1.595738
7 1.595612
7 1.595517
7 1.595455
7 1.595423
7 1.595424
7 1.595456
7 1.595521
7 1.595617
7 1.595746
7 1.595907
7 1.596100
7 1.596326
7 1.596585
7 1.596877
7 1.597201
7 1.597559
7 1.597950
7 1.598374
6 1.598832
6 1.599323
6 1.599848
6 1.600407
6 1.601000
6 1.601626
6 1.602287
6 1.602982
6 1.603711
6 1.604475
6 1.605272
6 1.606105
6 1.606971
6 1.607873
6 1.608809
6 1.609780
6 1.610785
6 1.611825
6 1.612900
6 1.614010
6 1.615155
6 1.616335
6 1.617550
6 1.618800
6 1.620085
6 1.621405
6 1.622760
6 1.624150
6 1.625576
6 1.627036
6 1.628532
6 1.630062
6 1.631628
6 1.633229
6 1.634865
6 1.636536
6 1.638242
6 1.639984
6 1.641760
6 1.643572
6 1.645418
6 1.647300
6 1.649216
6 1.651168
6 1.653154
6 1.655176
6 1.657232
6 1.659323
6 1.661449
6 1.663609
6 1.665805
6 1.668035
6 1.670300
6 1.672599
6 1.674933
6 1.677302
6 1.679705
6 1.682142
6 1.684614
6 1.687120
6 1.689660
6 1.692235
6 1.694844
6 1.697486
6 1.700163
6 1.702874
6 1.705619
6 1.708398
6 1.711211
6 1.714057
6 1.716937
6 1.719851
6 1.722798
6 1.725779
6 1.728794
6 1.731842
6 1.734923
6 1.738037
6 1.741185
6 1.744366
6 1.747580
6 1.750828
6 1.754108
6 1.757421
6 1.760767
6 1.764146
6 1.767558
6 1.771002
6 1.774480
6 1.777989
6 1.781532
6 1.785107
6 1.788714
6 1.792354
6 1.796026
6 1.799731
6 1.803468
6 1.807237
6 1.811039
6 1.814872
6 1.818738
6 1.822635
6 1.826565
6 1.830527
6 1.834521
6 1.838546
6 1.842604
6 1.846693
6 1.850815
6 1.854968
6 1.859153
6 1.863369
6 1.867618
6 1.871898
6 1.876209
6 1.880553
6 1.884928
6 1.889335
6 1.893773
6 1.898243
6 1.902744
6 1.907277
6 1.911842
6 1.916438
6 1.921065
6 1.925724
6 1.930415
6 1.935137
6 1.939891
6 1.944676
6 1.949493
6 1.954341
6 1.959220
6 1.964131
6 1.969071
6 1.974041
6 1.979039
6 1.984064
6 1.989115
6 1.994191
6 1.999289
6 2.004408
6 2.009547
6 2.014702
6 2.019872
6 2.025055
6 2.030249
6 2.035450
6 2.040657
6 2.045866
6 2.051077
6 2.056284
6 2.061487
6 2.066681
6 2.071865
6 2.077035
6 2.082189
6 2.087323
6 2.092434
6 2.097521
6 2.102578
6 2.107604
6 2.112596
6 2.117551
6 2.122465
6 2.127335
6 2.132160
6 2.136935
6 2.141657
6 2.146325
6 2.150935
6 2.155484
6 2.159969
6 2.164388
6 2.168737
6 2.173015
6 2.177219
6 2.181345
6 2.185392
6 2.189356
6 2.193236
6 2.197029
6 2.200733
6 2.204345
6 2.207864
6 2.211286
6 2.214611
6 2.217836
6 2.220959
6 2.223978
6 2.226891
6 2.229698
6 2.232395
6 2.234983
6 2.237458
6 2.239820
6 2.242068
6 2.244200
6 2.246216
6 2.248114
6 2.249892
6 2.251552
6 2.253090
6 2.254508
6 2.255804
6 2.256977
6 2.258028
6 2.258956
6 2.259761
6 2.260442
6 2.260999
6 2.261433
6 2.261743
6 2.261930
6 2.261994
6 2.261935
6 2.261753
6 2.261450
6 2.261026
6 2.260481
6 2.259816
6 2.259032
6 2.258130
6 2.257110
6 2.255975
6 2.254725
6 2.253362
6 2.251886
6 2.250299
6 2.248603
6 2.246799
6 2.244888
6 2.242873
6 2.240756
6 2.238537
6 2.236219
6 2.233805
6 2.231295
6 2.228693
6 2.225999
6 2.223218
6 2.220350
6 2.217398
6 2.214366
6 2.211254
6 2.208066
6 2.204805
6 2.201473
6 2.198072
6 2.194606
5 2.191078
5 2.187490
5 2.183846
5 2.180148
5 2.176399
5 2.163798
5 2.151081
5 2.138271
5 2.125393
5 2.112470
5 2.099529
5 2.086596
5 2.073697
5 2.060858
5 2.048105
5 2.035463
5 2.022957
5 2.010610
5 1.998445
5 1.986484
5 1.974748
5 1.963256
5 1.952029
5 1.941082
5 1.930434
5 1.920098
5 1.910091
5 1.900424
5 1.891110
5 1.882160
5 1.873586
5 1.865396
5 1.857598
5 1.850200
5 1.843210
5 1.836633
5 1.830475
5 1.824740
5 1.819432
5 1.814555
5 1.810112
5 1.806104
5 1.802535
5 1.799405
5 1.796716
5 1.794468
5 1.792661
5 1.791295
5 1.790370
5 1.789886
5 1.789841
5 1.790234
5 1.791064
5 1.792330
5 1.794030
5 1.796161
5 1.798723
5 1.801713
5 1.805128
5 1.808967
5 1.813227
5 1.817905
5 1.823000
5 1.828508
5 1.834427
5 1.840754
5 1.847487
5 1.854623
5 1.862159
5 1.870092
5 1.878420
5 1.887140
5 1.896249
5 1.905744
5 1.915623
5 1.925883
5 1.936522
5 1.947536
5 1.958922
5 1.970679
5 1.982804
5 1.995294
5 2.008146
5 2.021358
5 2.034927
5 2.048851
5 2.063128
5 2.077755
5 2.092729
5 2.108048
5 2.123711
5 2.139714
5 2.156055
5 2.172733
5 2.189744
5 2.207087
5 2.224760
5 2.242760
5 2.261085
5 2.279734
5 2.298705
5 2.317995
5 2.337602
5 2.357525
5 2.377761
5 2.398310
5 2.419168
5 2.440335
5 2.461808
5 2.483586
5 2.505667
5 2.528050
5 2.550732
5 2.573713
5 2.596990
5 2.620562
5 2.644428
5 2.668585
5 2.693033
5 2.717771
5 2.742796
5 2.768107
5 2.793703
5 2.819583
5 2.845745
5 2.872188
5 2.898910
5 2.925911
5 2.953189
5 2.980743
5 3.008572
5 3.036675
5 3.065049
5 3.093696
5 3.122612
5 3.151798
5 3.181251
5 3.210972
5 3.240958
5 3.271210
5 3.301726
5 3.332504
5 3.363545
5 3.394847
5 3.426409
5 3.458230
5 3.490310
5 3.522647
5 3.555241
5 3.588091
5 3.621195
5 3.654554
5 3.688167
5 3.722032
5 3.756149
5 3.790517
5 3.825136
5 3.860004
5 3.895121
5 3.930486
5 3.966100
5 4.001960
5 4.038066
5 4.074418
5 4.111015
5 4.147856
5 4.184941
5 4.222270
5 4.259841
5 4.297654
5 4.335708
5 4.374004
5 4.412540
5 4.451316
5 4.490331
5 4.529586
5 4.569078
5 4.608809
5 4.648777
5 4.688982
5 4.729424
5 4.770101
5 4.811015
5 4.852164
5 4.893547
5 4.935166
5 4.977018
5 5.019104
5 5.061423
5 5.103975
5 5.146760
5 5.189777
5 5.233026
5 5.276507
5 5.320219
5 5.364162
5 5.408336
5 5.452740
5 5.497374
5 5.542238
5 5.587332
5 5.632655
5 5.678207
5 5.723987
5 5.769997
5 5.816234
5 5.862700
5 5.909394
5 5.956315
5 6.003464
5 6.050840
5 6.098443
5 6.146273
5 6.194330
5 6.242613
5 6.291123
5 6.339859
5 6.388821
5 6.438009
5 6.487422
5 6.537062
5 6.586927
5 6.637018
5 6.687333
5 6.737875
5 6.788641
5 6.839632
5 6.890848
5 6.942289
5 6.993955
5 7.045846
5 7.097961
5 7.150301
5 7.202865
5 7.255654
5 7.308667
5 7.361905
5 7.415367
5 7.469053
5 7.522964
5 7.577099
5 7.631458
5 7.686042
5 7.740850
5 7.795882
5 7.851138
5 7.906619
5 7.962324
5 8.018254
5 8.074407
5 8.130786
5 8.187388
5 8.244215
5 8.301267
5 8.358543
5 8.416044
5 8.473769
5 8.531719
5 8.589894
5 8.648294
5 8.706919
5 8.765769
5 8.824843
5 8.884143
5 8.943669
5 9.003419
5 9.063395
5 9.123597
5 9.184025
5 9.244678
5 9.305557
5 9.366662
5 9.427993
5 9.489550
5 9.551334
5 9.613344
5 9.675581
5 9.738045
5 9.800736
5 9.863653
5 9.926798
5 9.990170
5 10.053770
5 10.117598
5 10.181653
5 10.245936
5 10.310448
5 10.375188
5 10.440156
5 10.505353
5 10.570779
5 10.636434
5 10.702318
5 10.768432
5 10.834775
5 10.901348
5 10.968151
5 11.035184
5 11.102448
5 11.169943
5 11.237668
5 11.305624
5 11.373812
5 11.442231
5 11.510882
5 11.579764
5 11.648879
5 11.718226
5 11.787806
5 11.857619
5 11.927665
5 11.997944
5 12.068457
5 12.139203
5 12.210184
5 12.281399
5 12.352849
5 12.424533
5 12.496452
5 12.568607
5 12.640998
5 12.713624
5 12.786486
5 12.859585
5 12.932921
5 13.006493
5 13.080303
5 13.154350
5 13.228635
5 13.303158
5 13.377920
5 13.452920
5 13.528159
5 13.603637
5 13.679355
5 13.755313
5 13.831511
5 13.907949
5 13.984628
5 14.061548
5 14.138709
5 14.216112
5 14.293757
5 14.371645
5 14.449775
5 14.528148
5 14.606764
5 14.685623
5 14.764727
5 14.844075
5 14.923667
5 15.003505
5 15.083587
5 15.163916
5 15.244490
5 15.325310
5 15.406377
5 15.487691
5 15.569252
5 15.651061
5 15.733118
5 15.815423
5 15.897977
5 15.980781
5 16.063833
5 16.147135
5 16.230688
5 16.314491
5 16.398545
5 16.482851
5 16.567408
5 16.652217
5 16.737278
5 16.822593
5 16.908160
4 16.993981
4 17.080057
4 17.166386
4 17.252971
4 17.339810
4 17.426905
4 17.514256
4 17.601864
4 17.689728
4 17.777849
4 17.866227
4 17.954864
4 18.043758
4 18.132911
4 18.222323
4 18.311995
4 18.401926
4 18.492116
4 18.582568
4 18.673280
4 18.764253
4 18.855487
4 18.946984
4 19.038742
4 19.130763
4 19.223047
4 19.315593
4 19.408404
4 19.501478
4 19.594816
4 19.688419
4 19.782286
4 19.876419
4 19.970817
4 20.065481
4 20.160411
4 20.255608
4 20.351071
4 20.446802
4 20.542799
4 20.639065
4 20.735598
4 20.832400
4 20.929470
4 21.026809
4 21.124418
4 21.222296
4 21.320443
4 21.418861
4 21.517549
4 21.616508
4 21.715738
4 21.815239
4 21.915011
4 22.015055
4 22.115371
4 22.215960
4 22.316821
4 22.417955
4 22.519362
4 22.621043
4 22.722997
4 22.825225
4 22.927728
4 23.030505
4 23.133556
4 23.236882
4 23.340484
4 23.444361
4 23.548513
4 23.652942
4 23.757647
4 23.862628
4 23.967885
4 24.073420
4 24.179231
4 24.285320
4 24.391687
4 24.498331
4 24.605253
4 24.712453
4 24.819932
4 24.927689
4 25.035725
4 25.144040
4 25.252635
4 25.361509
4 25.470662
4 25.580096
4 25.689809
4 25.799803
4 25.910077
4 26.020632
4 26.131468
4 26.242584
4 26.353982
4 26.465661
4 26.577622
4 26.689865
4 26.802390
4 26.915196
4 27.028285
4 27.141657
4 27.255311
4 27.369248
4 27.483468
4 27.597971
4 27.712758
4 27.827828
4 27.943182
4 28.058819
4 28.174741
4 28.290947
4 28.407437
4 28.524212
4 28.641271
4 28.758615
4 28.876244
4 28.994158
4 29.112358
4 29.230843
4 29.349613
4 29.468670
4 29.588012
4 29.707640
