-3.425000e-01 3.692069e-11
-2.900000e-01 4.176295e-11
-4.300000e-01 2.013737e-11
-1.675000e-01 1.253045e-10
-2.375000e-01 7.725443e-11
-1.850000e-01 1.111946e-10
-2.025000e-01 9.843576e-11
-3.075000e-01 4.770198e-11
-3.600000e-01 3.282880e-11
-4.650000e-01 1.592183e-11
-2.200000e-01 8.579348e-11
-4.125000e-01 2.282677e-11
-3.775000e-01 2.943199e-11
-3.950000e-01 2.598772e-11
-2.550000e-01 6.873209e-11
-2.725000e-01 6.028800e-11
7.500000e-03 4.137868e-10
-5.000000e-01 1.195323e-11
1.650000e-01 1.262807e-09
1.300000e-01 9.895610e-10
6.000000e-02 6.035369e-10
-4.475000e-01 1.782231e-11
-4.825000e-01 1.394595e-11
-3.250000e-01 4.227007e-11
1.125000e-01 8.751601e-10
1.475000e-01 1.119876e-09
1.825000e-01 1.430796e-09
-2.750000e-02 3.312506e-10
4.250000e-02 5.390161e-10
-8.000000e-02 2.298584e-10
-6.250000e-02 2.520026e-10
-4.500000e-02 2.937358e-10
5.150000e-01 1.555572e-08
7.750000e-02 6.860783e-10
3.575000e-01 4.926985e-09
-1.150000e-01 1.802161e-10
-1.000000e-02 3.738614e-10
4.625000e-01 1.052788e-08
4.800000e-01 1.197086e-08
9.500000e-02 7.756189e-10
-1.325000e-01 1.588668e-10
4.100000e-01 7.188058e-09
4.975000e-01 1.362583e-08
-1.500000e-01 1.406276e-10
2.875000e-01 2.995835e-09
2.500000e-02 4.771932e-10
3.925000e-01 6.334241e-09
4.450000e-01 9.254939e-09
4.275000e-01 8.150352e-09
5.325000e-01 1.775410e-08
-9.750000e-02 2.039506e-10
3.225000e-01 3.835221e-09
2.350000e-01 2.068147e-09
8.475000e-01 1.957056e-07
2.700000e-01 2.647513e-09
8.650000e-01 2.132994e-07
7.075000e-01 7.256173e-08
2.175000e-01 1.828867e-09
3.050000e-01 3.387115e-09
3.400000e-01 4.341777e-09
3.750000e-01 5.578737e-09
8.300000e-01 1.777271e-07
6.725000e-01 5.430248e-08
2.000000e-01 1.615780e-09
2.525000e-01 2.340922e-09
7.950000e-01 1.424656e-07
8.125000e-01 1.597861e-07
5.850000e-01 2.662000e-08
1.215000e+00 1.845087e-07
1.057500e+00 2.853527e-07
7.775000e-01 1.259373e-07
6.200000e-01 3.522391e-08
7.600000e-01 1.105040e-07
5.675000e-01 2.319569e-08
8.825000e-01 2.302299e-07
1.022500e+00 2.934823e-07
6.550000e-01 4.689567e-08
7.250000e-01 8.379567e-08
6.375000e-01 4.057995e-08
9.350000e-01 2.713475e-07
6.025000e-01 3.054068e-08
1.145000e+00 2.363355e-07
7.425000e-01 9.647028e-08
5.500000e-01 2.029772e-08
1.075000e+00 2.784249e-07
1.180000e+00 2.107752e-07
9.700000e-01 2.878622e-07
9.175000e-01 2.595491e-07
6.900000e-01 6.272757e-08
1.565000e+00 2.739244e-08
1.232500e+00 1.717222e-07
1.005000e+00 2.940384e-07
1.197500e+00 1.975999e-07
1.372500e+00 8.622087e-08
1.110000e+00 2.596075e-07
1.162500e+00 2.237080e-07
1.127500e+00 2.484234e-07
1.495000e+00 4.227684e-08
9.875000e-01 2.923829e-07
1.040000e+00 2.907687e-07
9.000000e-01 2.456434e-07
1.355000e+00 9.479510e-08
1.092500e+00 2.696228e-07
1.320000e+00 1.138076e-07
1.582500e+00 2.451712e-08
1.512500e+00 3.799357e-08
9.525000e-01 2.808414e-07
1.285000e+00 1.353565e-07
1.547500e+00 3.056041e-08
1.530000e+00 3.410188e-08
1.267500e+00 1.470036e-07
1.407500e+00 7.089615e-08
1.337500e+00 1.040377e-07
1.845000e+00 4.345309e-09
1.915000e+00 2.707739e-09
1.722500e+00 9.867434e-09
1.250000e+00 1.591488e-07
1.460000e+00 5.221490e-08
1.705000e+00 1.107810e-08
1.425000e+00 6.409735e-08
1.390000e+00 7.821557e-08
1.477500e+00 4.701750e-08
1.442500e+00 5.790454e-08
1.687500e+00 1.241361e-08
1.880000e+00 3.432540e-09
1.617500e+00 1.959637e-08
1.775000e+00 6.960128e-09
1.757500e+00 7.816399e-09
1.302500e+00 1.243660e-07
1.635000e+00 1.750728e-08
2.195000e+00 3.986923e-10
1.600000e+00 2.192017e-08
1.792500e+00 6.182529e-09
1.897500e+00 3.049814e-09
2.072500e+00 9.246799e-10
1.862500e+00 3.863154e-09
1.932500e+00 2.404564e-09
1.810000e+00 5.504707e-09
2.055000e+00 1.040955e-09
2.265000e+00 2.471648e-10
1.827500e+00 4.890836e-09
2.037500e+00 1.174053e-09
2.107500e+00 7.274121e-10
1.670000e+00 1.393194e-08
2.230000e+00 3.134268e-10
1.985000e+00 1.681440e-09
2.545000e+00 3.569202e-11
1.950000e+00 2.132726e-09
1.967500e+00 1.894513e-09
1.652500e+00 1.561928e-08
2.160000e+00 5.069944e-10
2.282500e+00 2.183636e-10
2.177500e+00 4.497833e-10
2.142500e+00 5.718584e-10
1.740000e+00 8.782163e-09
2.247500e+00 2.777661e-10
2.615000e+00 2.203288e-11
2.020000e+00 1.324254e-09
2.422500e+00 8.326119e-11
2.300000e+00 1.934349e-10
2.317500e+00 1.716753e-10
2.125000e+00 6.448240e-10
2.580000e+00 2.814412e-11
2.335000e+00 1.520563e-10
2.212500e+00 3.536596e-10
2.895000e+00 3.193514e-12
2.090000e+00 8.196434e-10
2.405000e+00 9.391059e-11
2.457500e+00 6.541140e-11
2.002500e+00 1.492353e-09
2.510000e+00 4.551640e-11
2.370000e+00 1.193622e-10
2.387500e+00 1.059524e-10
2.492500e+00 5.137493e-11
2.650000e+00 1.731247e-11
2.965000e+00 1.967024e-12
2.772500e+00 7.432020e-12
2.597500e+00 2.486651e-11
2.667500e+00 1.534454e-11
2.475000e+00 5.792984e-11
2.930000e+00 2.491531e-12
2.562500e+00 3.166929e-11
2.440000e+00 7.374875e-11
2.685000e+00 1.359871e-11
2.632500e+00 1.951371e-11
2.527500e+00 4.031020e-11
2.352500e+00 1.347562e-10
2.737500e+00 9.394761e-12
2.720000e+00 1.050559e-11
2.807500e+00 5.834411e-12
3.000000e+00 1.542058e-12
2.860000e+00 4.058193e-12
2.755000e+00 8.510562e-12
2.912500e+00 2.685290e-12
2.825000e+00 5.171175e-12
2.702500e+00 1.204771e-11
2.947500e+00 2.211662e-12
2.982500e+00 1.742650e-12
2.842500e+00 4.582184e-12
2.790000e+00 6.589303e-12
2.877500e+00 3.588464e-12
