-2.900000e-01 4.758909e-11
-1.500000e-01 1.254269e-10
-2.725000e-01 5.338020e-11
-2.025000e-01 8.823140e-11
-4.125000e-01 2.043623e-11
-3.250000e-01 3.767921e-11
-4.825000e-01 1.239156e-11
-3.950000e-01 2.331657e-11
-1.850000e-01 9.927593e-11
-2.200000e-01 7.753503e-11
-3.775000e-01 2.617981e-11
-2.375000e-01 6.884287e-11
-3.600000e-01 2.949987e-11
-3.075000e-01 4.250808e-11
-1.325000e-01 1.424977e-10
9.500000e-02 6.911155e-10
-4.300000e-01 1.823182e-11
-2.550000e-01 6.112476e-11
2.350000e-01 1.842333e-09
-1.675000e-01 1.121553e-10
1.125000e-01 7.814829e-10
-4.475000e-01 1.581006e-11
-4.650000e-01 1.426499e-11
2.000000e-01 1.439909e-09
6.000000e-02 5.426949e-10
-9.750000e-02 1.812361e-10
-5.000000e-01 1.102993e-11
1.475000e-01 1.000155e-09
-3.425000e-01 3.333955e-11
1.825000e-01 1.280928e-09
2.500000e-02 4.256561e-10
-1.000000e-02 3.339504e-10
-2.750000e-02 2.957076e-10
1.650000e-01 1.129526e-09
6.200000e-01 3.104637e-08
2.525000e-01 2.085346e-09
-4.500000e-02 2.625780e-10
7.750000e-02 6.132225e-10
4.800000e-01 1.063038e-08
7.500000e-03 3.753682e-10
3.575000e-01 4.387479e-09
1.300000e-01 8.831859e-10
5.325000e-01 1.575291e-08
2.175000e-01 1.624685e-09
5.675000e-01 2.056354e-08
-6.250000e-02 2.323650e-10
4.625000e-01 9.334459e-09
5.500000e-01 1.797402e-08
-8.000000e-02 2.046204e-10
6.375000e-01 3.582117e-08
4.450000e-01 8.231258e-09
3.925000e-01 5.630267e-09
3.400000e-01 3.857634e-09
7.425000e-01 8.693200e-08
5.850000e-01 2.352446e-08
4.975000e-01 1.210467e-08
4.250000e-02 4.794249e-10
3.750000e-01 4.965022e-09
2.875000e-01 2.666729e-09
1.005000e+00 6.420183e-07
6.025000e-01 2.704929e-08
7.775000e-01 1.181697e-07
9.525000e-01 4.819214e-07
7.250000e-01 7.474187e-08
4.275000e-01 7.243542e-09
9.700000e-01 5.357977e-07
6.725000e-01 4.778182e-08
9.350000e-01 4.296087e-07
9.175000e-01 3.798049e-07
8.475000e-01 2.170690e-07
8.650000e-01 2.516672e-07
1.022500e+00 6.916999e-07
3.225000e-01 3.408845e-09
1.337500e+00 5.727641e-07
3.050000e-01 3.013671e-09
-1.150000e-01 1.610673e-10
4.100000e-01 6.392291e-09
7.600000e-01 1.012941e-07
8.825000e-01 2.902100e-07
1.355000e+00 5.340981e-07
1.127500e+00 8.688444e-07
1.320000e+00 6.118440e-07
1.232500e+00 7.909042e-07
5.150000e-01 1.380760e-08
8.125000e-01 1.605427e-07
1.250000e+00 7.596851e-07
8.300000e-01 1.869929e-07
7.950000e-01 1.377494e-07
1.302500e+00 6.507810e-07
1.110000e+00 8.572185e-07
1.390000e+00 4.591097e-07
9.875000e-01 5.893860e-07
1.145000e+00 8.722515e-07
6.900000e-01 5.536100e-08
1.512500e+00 2.465616e-07
2.700000e-01 2.352628e-09
1.617500e+00 1.338798e-07
1.722500e+00 6.956606e-08
1.057500e+00 7.775127e-07
1.215000e+00 8.181559e-07
1.740000e+00 6.219878e-08
1.407500e+00 4.237670e-07
7.075000e-01 6.428224e-08
1.687500e+00 8.680326e-08
1.775000e+00 4.962851e-08
1.530000e+00 2.236132e-07
1.495000e+00 2.714546e-07
1.372500e+00 4.962437e-07
2.107500e+00 5.361930e-09
1.442500e+00 3.571293e-07
9.000000e-01 3.329564e-07
1.792500e+00 4.425887e-08
1.897500e+00 2.212140e-08
1.162500e+00 8.685475e-07
2.002500e+00 1.091999e-08
6.550000e-01 4.127705e-08
1.197500e+00 8.406430e-07
2.125000e+00 4.757237e-09
1.092500e+00 8.381363e-07
1.915000e+00 1.968461e-08
2.072500e+00 6.796736e-09
1.267500e+00 7.254065e-07
2.160000e+00 3.743236e-09
1.705000e+00 7.776523e-08
1.880000e+00 2.486424e-08
1.075000e+00 8.111069e-07
1.582500e+00 1.650559e-07
1.547500e+00 2.024432e-07
1.827500e+00 3.519266e-08
1.600000e+00 1.487532e-07
2.457500e+00 4.841082e-10
1.285000e+00 6.890249e-07
2.300000e+00 1.433040e-09
1.180000e+00 8.576393e-07
1.635000e+00 1.203810e-07
1.652500e+00 1.080838e-07
2.510000e+00 3.369196e-10
1.967500e+00 1.383808e-08
1.040000e+00 7.371242e-07
2.492500e+00 3.807513e-10
2.090000e+00 6.030918e-09
2.177500e+00 3.319854e-09
2.387500e+00 7.849470e-10
2.212500e+00 2.609941e-09
2.265000e+00 1.821328e-09
1.460000e+00 3.267753e-07
1.757500e+00 5.556893e-08
2.545000e+00 2.652517e-10
1.932500e+00 1.751065e-08
2.282500e+00 1.615495e-09
2.020000e+00 9.701106e-09
1.565000e+00 1.829983e-07
1.477500e+00 2.980842e-07
1.985000e+00 1.229082e-08
2.685000e+00 1.007542e-10
1.670000e+00 9.692871e-08
2.842500e+00 3.387219e-11
2.895000e+00 2.365264e-11
2.352500e+00 9.996043e-10
2.650000e+00 1.280945e-10
2.037500e+00 8.610751e-09
2.877500e+00 2.664583e-11
1.862500e+00 2.793498e-08
2.562500e+00 2.349265e-10
1.950000e+00 1.557126e-08
1.425000e+00 3.895087e-07
2.405000e+00 6.957398e-10
1.845000e+00 3.136917e-08
2.142500e+00 4.216261e-09
2.317500e+00 1.266494e-09
2.475000e+00 4.298114e-10
2.772500e+00 5.496325e-11
2.930000e+00 1.857971e-11
2.370000e+00 8.857955e-10
2.597500e+00 1.844846e-10
2.737500e+00 7.001796e-11
2.335000e+00 1.126024e-09
2.422500e+00 6.170532e-10
2.527500e+00 2.988014e-10
2.702500e+00 8.950350e-11
2.790000e+00 4.872685e-11
2.947500e+00 1.645007e-11
2.247500e+00 2.053397e-09
2.860000e+00 3.021500e-11
2.230000e+00 2.317568e-09
2.055000e+00 7.655946e-09
2.667500e+00 1.136984e-10
2.755000e+00 6.208999e-11
1.810000e+00 3.947798e-08
2.440000e+00 5.446974e-10
2.632500e+00 1.448848e-10
2.615000e+00 1.636642e-10
2.720000e+00 7.919105e-11
2.982500e+00 1.288506e-11
2.912500e+00 2.098008e-11
2.807500e+00 4.337948e-11
3.000000e+00 1.141636e-11
2.825000e+00 3.839224e-11
2.195000e+00 2.944617e-09
2.580000e+00 2.080982e-10
2.965000e+00 1.452289e-11
