9.000000e-02 9.799220e-10
2.250000e-01 2.531429e-09
2.850000e-01 3.863591e-09
2.550000e-01 3.127672e-09
3.000000e-02 6.479407e-10
1.050000e-01 1.092651e-09
1.800000e-01 1.850570e-09
2.400000e-01 2.800585e-09
1.500000e-02 5.822382e-10
7.500000e-02 nan
0.000000e+00 5.248057e-10
1.950000e-01 2.049175e-09
1.200000e-01 1.214263e-09
1.650000e-01 1.660297e-09
1.500000e-01 nan
6.000000e-02 7.993568e-10
1.350000e-01 1.348294e-09
2.700000e-01 3.473467e-09
2.100000e-01 nan
4.500000e-02 7.196865e-10
4.200000e-01 9.441177e-09
3.300000e-01 5.296424e-09
5.550000e-01 2.636323e-08
5.400000e-01 2.363168e-08
5.250000e-01 2.118951e-08
3.150000e-01 4.770197e-09
3.900000e-01 8.088943e-09
4.800000e-01 1.531627e-08
5.850000e-01 3.291988e-08
4.050000e-01 8.986435e-09
4.950000e-01 1.706893e-08
4.500000e-01 1.239071e-08
3.000000e-01 4.296764e-09
5.700000e-01 2.944035e-08
4.650000e-01 1.377890e-08
3.600000e-01 6.555700e-09
5.100000e-01 1.901052e-08
3.750000e-01 7.274275e-09
4.350000e-01 1.111218e-08
6.900000e-01 7.399627e-08
7.200000e-01 9.307937e-08
8.400000e-01 2.129774e-07
3.450000e-01 5.897677e-09
8.250000e-01 1.956428e-07
6.150000e-01 4.125536e-08
7.950000e-01 1.620378e-07
7.050000e-01 8.330648e-08
8.850000e-01 2.642174e-07
6.600000e-01 5.836205e-08
7.500000e-01 1.178762e-07
6.750000e-01 6.575310e-08
8.700000e-01 2.475121e-07
8.550000e-01 2.303513e-07
6.300000e-01 4.626784e-08
6.000000e-01 3.680761e-08
9.900000e-01 3.476807e-07
7.800000e-01 1.463298e-07
8.100000e-01 1.785463e-07
7.350000e-01 1.051228e-07
6.450000e-01 5.195039e-08
1.020000e+00 3.574714e-07
1.005000e+00 3.535605e-07
1.050000e+00 3.617614e-07
9.150000e-01 2.949089e-07
1.125000e+00 3.522771e-07
1.095000e+00 3.586150e-07
7.650000e-01 1.315029e-07
1.185000e+00 3.342324e-07
9.300000e-01 3.085951e-07
9.600000e-01 3.314240e-07
1.140000e+00 3.482330e-07
9.000000e-01 2.800652e-07
1.110000e+00 3.557350e-07
9.750000e-01 3.404150e-07
1.155000e+00 3.436708e-07
1.080000e+00 3.607844e-07
1.035000e+00 nan
1.170000e+00 3.391520e-07
1.320000e+00 2.986390e-07
1.305000e+00 3.013841e-07
1.290000e+00 3.044613e-07
1.485000e+00 2.916280e-07
1.350000e+00 2.942149e-07
1.215000e+00 3.248730e-07
1.065000e+00 3.616672e-07
1.200000e+00 3.294932e-07
9.450000e-01 3.207222e-07
1.395000e+00 2.907151e-07
1.440000e+00 2.897100e-07
1.455000e+00 2.900136e-07
1.260000e+00 3.117693e-07
1.470000e+00 2.908038e-07
1.410000e+00 2.897631e-07
1.275000e+00 3.080666e-07
1.335000e+00 2.962925e-07
1.605000e+00 3.053387e-07
1.515000e+00 2.942915e-07
1.425000e+00 2.894350e-07
1.230000e+00 3.202866e-07
1.650000e+00 3.099876e-07
1.785000e+00 2.981612e-07
1.380000e+00 2.913266e-07
1.365000e+00 2.925409e-07
1.590000e+00 3.034609e-07
1.620000e+00 3.072255e-07
1.500000e+00 2.929600e-07
1.560000e+00 2.997120e-07
1.905000e+00 2.425194e-07
1.695000e+00 3.114234e-07
1.635000e+00 3.086494e-07
1.710000e+00 3.109364e-07
1.245000e+00 3.159372e-07
1.770000e+00 3.019770e-07
1.950000e+00 2.139807e-07
1.755000e+00 3.053678e-07
2.085000e+00 1.289930e-07
1.680000e+00 3.111054e-07
1.815000e+00 2.879012e-07
1.530000e+00 2.959382e-07
1.725000e+00 3.096834e-07
1.920000e+00 2.332592e-07
1.575000e+00 3.014535e-07
1.665000e+00 3.107629e-07
1.935000e+00 2.237794e-07
1.890000e+00 2.512293e-07
2.250000e+00 5.778574e-08
1.545000e+00 2.978639e-07
2.010000e+00 1.747555e-07
2.070000e+00 1.375921e-07
2.205000e+00 7.296910e-08
2.115000e+00 1.127956e-07
2.385000e+00 2.754452e-08
1.800000e+00 2.934968e-07
1.860000e+00 2.677173e-07
1.830000e+00 2.817136e-07
1.875000e+00 2.599840e-07
1.740000e+00 3.076999e-07
1.965000e+00 2.040334e-07
1.980000e+00 1.943590e-07
2.220000e+00 6.746378e-08
2.055000e+00 1.465385e-07
2.505000e+00 1.362669e-08
2.190000e+00 7.864138e-08
1.995000e+00 1.844825e-07
2.550000e+00 1.035133e-08
2.235000e+00 6.255460e-08
1.845000e+00 2.752642e-07
2.025000e+00 1.651118e-07
2.160000e+00 9.121553e-08
2.370000e+00 3.000295e-08
2.280000e+00 4.920367e-08
2.130000e+00 1.050267e-07
2.415000e+00 2.319084e-08
2.310000e+00 4.185249e-08
2.100000e+00 1.206826e-07
2.685000e+00 4.415495e-09
2.040000e+00 1.556530e-07
2.355000e+00 3.266264e-08
2.295000e+00 4.547265e-08
2.520000e+00 1.243675e-08
2.175000e+00 8.475296e-08
2.265000e+00 5.338919e-08
2.805000e+00 2.013134e-09
2.670000e+00 4.857093e-09
2.850000e+00 1.488893e-09
2.490000e+00 1.489411e-08
2.535000e+00 1.134318e-08
2.340000e+00 3.543868e-08
2.430000e+00 2.124593e-08
2.325000e+00 3.865363e-08
2.400000e+00 2.527550e-08
2.715000e+00 3.634815e-09
2.580000e+00 8.587713e-09
2.460000e+00 1.783368e-08
2.985000e+00 6.016036e-10
2.610000e+00 7.129081e-09
2.145000e+00 9.799251e-08
2.475000e+00 1.632723e-08
2.565000e+00 9.430633e-09
2.655000e+00 5.347306e-09
2.820000e+00 1.823325e-09
2.595000e+00 7.823767e-09
2.640000e+00 5.888322e-09
2.445000e+00 1.946675e-08
2.790000e+00 2.226061e-09
2.970000e+00 6.686059e-10
2.880000e+00 1.223019e-09
2.700000e+00 4.012499e-09
2.625000e+00 6.473120e-09
2.910000e+00 9.992040e-10
2.760000e+00 2.703605e-09
2.835000e+00 1.650381e-09
2.730000e+00 3.294450e-09
2.865000e+00 1.351410e-09
2.955000e+00 7.366908e-10
2.775000e+00 2.456624e-09
3.000000e+00 5.437987e-10
2.925000e+00 9.037870e-10
2.745000e+00 2.938015e-09
2.895000e+00 1.105685e-09
2.940000e+00 8.160505e-10
