6.000000e-02 1.312102e-07
1.950000e-01 3.555699e-07
1.350000e-01 2.277972e-07
2.700000e-01 6.214577e-07
1.200000e-01 nan
2.250000e-01 4.444397e-07
3.000000e-02 1.054017e-07
1.800000e-01 3.184902e-07
1.650000e-01 2.844648e-07
1.050000e-01 1.823123e-07
2.100000e-01 3.977806e-07
2.400000e-01 4.972569e-07
4.500000e-02 nan
2.550000e-01 5.558346e-07
1.500000e-01 2.548529e-07
7.500000e-02 1.466879e-07
1.500000e-02 9.444303e-08
9.000000e-02 1.636541e-07
0.000000e+00 8.490029e-08
2.850000e-01 6.943501e-07
4.950000e-01 2.938307e-06
4.200000e-01 1.819400e-06
4.050000e-01 1.644470e-06
5.400000e-01 3.810067e-06
5.700000e-01 4.473788e-06
3.600000e-01 1.198851e-06
3.300000e-01 9.660504e-07
5.250000e-01 3.507451e-06
3.750000e-01 1.333183e-06
4.650000e-01 2.449482e-06
4.350000e-01 2.012381e-06
4.800000e-01 2.683409e-06
5.100000e-01 3.215614e-06
4.500000e-01 2.221101e-06
3.900000e-01 1.484111e-06
7.950000e-01 1.053525e-05
5.850000e-01 4.828105e-06
7.050000e-01 8.002479e-06
8.700000e-01 1.262802e-05
7.200000e-01 8.421211e-06
8.400000e-01 1.179007e-05
5.550000e-01 4.136035e-06
3.450000e-01 1.077925e-06
6.750000e-01 7.173765e-06
3.150000e-01 8.657838e-07
7.650000e-01 9.688345e-06
3.000000e-01 7.757589e-07
6.600000e-01 6.760263e-06
6.300000e-01 5.956258e-06
7.800000e-01 1.010962e-05
6.900000e-01 7.590663e-06
8.100000e-01 1.094930e-05
8.250000e-01 1.137278e-05
1.095000e+00 1.849519e-05
1.005000e+00 1.636606e-05
7.500000e-01 9.268684e-06
1.140000e+00 1.924204e-05
8.850000e-01 1.304547e-05
1.020000e+00 1.675638e-05
7.350000e-01 8.844910e-06
6.450000e-01 6.357245e-06
8.550000e-01 1.221215e-05
1.065000e+00 1.785207e-05
1.125000e+00 1.903100e-05
9.300000e-01 1.430174e-05
9.900000e-01 1.595732e-05
9.750000e-01 1.555858e-05
1.110000e+00 1.877184e-05
6.000000e-01 5.193624e-06
6.150000e-01 5.571280e-06
1.170000e+00 1.956480e-05
1.050000e+00 1.749730e-05
1.185000e+00 1.966119e-05
1.080000e+00 1.818371e-05
9.600000e-01 1.514269e-05
1.305000e+00 1.855269e-05
1.395000e+00 1.556584e-05
1.035000e+00 1.713750e-05
9.450000e-01 1.472826e-05
1.440000e+00 1.370786e-05
1.320000e+00 1.816487e-05
9.000000e-01 1.346578e-05
1.155000e+00 1.941824e-05
1.425000e+00 1.433475e-05
1.410000e+00 1.495868e-05
1.230000e+00 1.967510e-05
9.150000e-01 1.388627e-05
1.605000e+00 7.345356e-06
1.380000e+00 1.615352e-05
1.260000e+00 1.940429e-05
1.485000e+00 1.182196e-05
1.275000e+00 1.918243e-05
1.335000e+00 1.772152e-05
1.350000e+00 1.723425e-05
1.200000e+00 1.971310e-05
1.365000e+00 1.670803e-05
1.470000e+00 1.244635e-05
1.290000e+00 1.890041e-05
1.695000e+00 4.866410e-06
1.530000e+00 1.001065e-05
1.620000e+00 6.878417e-06
1.245000e+00 1.956272e-05
1.740000e+00 3.918920e-06
1.560000e+00 8.882249e-06
1.710000e+00 4.530195e-06
1.650000e+00 6.005131e-06
1.680000e+00 5.225537e-06
1.455000e+00 1.307602e-05
1.905000e+00 1.701347e-06
1.725000e+00 4.214382e-06
1.770000e+00 3.380104e-06
1.590000e+00 7.837465e-06
1.635000e+00 6.429748e-06
1.995000e+00 1.060664e-06
1.215000e+00 1.972006e-05
1.575000e+00 8.350174e-06
1.500000e+00 1.120736e-05
2.040000e+00 8.325336e-07
1.980000e+00 1.148708e-06
1.920000e+00 1.573369e-06
1.665000e+00 5.605155e-06
1.545000e+00 9.439619e-06
1.755000e+00 3.639886e-06
1.785000e+00 3.136065e-06
1.830000e+00 2.498543e-06
2.295000e+00 1.907669e-07
2.010000e+00 9.788123e-07
1.890000e+00 1.839521e-06
1.935000e+00 1.455952e-06
1.950000e+00 1.346150e-06
2.025000e+00 9.022866e-07
1.860000e+00 2.144432e-06
1.515000e+00 1.060135e-05
1.800000e+00 2.909589e-06
1.965000e+00 1.243576e-06
2.220000e+00 2.992428e-07
2.205000e+00 3.271679e-07
2.085000e+00 6.499516e-07
1.875000e+00 1.985194e-06
2.070000e+00 7.067162e-07
2.340000e+00 1.448638e-07
2.280000e+00 2.090776e-07
2.055000e+00 7.670958e-07
2.160000e+00 4.248941e-07
2.130000e+00 5.050300e-07
2.310000e+00 1.743240e-07
1.845000e+00 2.316498e-06
2.250000e+00 2.505026e-07
2.235000e+00 2.739030e-07
1.815000e+00 2.697303e-06
2.265000e+00 2.289280e-07
2.190000e+00 3.573176e-07
2.100000e+00 5.982778e-07
2.595000e+00 2.882139e-08
2.325000e+00 1.588788e-07
2.175000e+00 3.898786e-07
2.520000e+00 4.671202e-08
2.370000e+00 1.203748e-07
2.145000e+00 4.634455e-07
2.580000e+00 3.181986e-08
2.355000e+00 1.320193e-07
2.385000e+00 1.096218e-07
2.460000e+00 6.848226e-08
2.505000e+00 5.147983e-08
2.535000e+00 4.257005e-08
2.550000e+00 3.857764e-08
2.640000e+00 2.155029e-08
2.490000e+00 5.660751e-08
2.115000e+00 5.494557e-07
2.430000e+00 8.271826e-08
2.565000e+00 3.506825e-08
2.610000e+00 2.619542e-08
2.400000e+00 9.979461e-08
2.880000e+00 4.356578e-09
2.475000e+00 6.227979e-08
2.895000e+00 3.944401e-09
2.445000e+00 7.529134e-08
2.820000e+00 6.541414e-09
2.625000e+00 2.373743e-08
2.685000e+00 1.603457e-08
2.655000e+00 1.952123e-08
2.805000e+00 7.230316e-09
2.670000e+00 1.760656e-08
2.850000e+00 5.339977e-09
2.415000e+00 9.082098e-08
2.760000e+00 9.754564e-09
2.910000e+00 3.558286e-09
2.940000e+00 2.890094e-09
2.790000e+00 7.991513e-09
2.775000e+00 8.823860e-09
2.835000e+00 5.899189e-09
2.730000e+00 1.190982e-08
2.865000e+00 4.823895e-09
2.700000e+00 1.453310e-08
2.925000e+00 3.216006e-09
2.745000e+00 1.077325e-08
2.955000e+00 2.624413e-09
2.715000e+00 1.318101e-08
2.970000e+00 2.383399e-09
2.985000e+00 2.141938e-09
3.000000e+00 1.937736e-09
