-1.325000e-01 1.590879e-10
-4.825000e-01 1.392818e-11
-1.675000e-01 1.249194e-10
-4.125000e-01 2.283929e-11
-4.300000e-01 2.035542e-11
-2.025000e-01 9.817381e-11
-3.950000e-01 2.571054e-11
-3.075000e-01 4.696782e-11
-3.425000e-01 3.716717e-11
-1.500000e-01 1.411644e-10
-5.000000e-01 1.256048e-11
-2.725000e-01 6.035520e-11
-2.900000e-01 5.336174e-11
-2.200000e-01 8.675771e-11
-1.850000e-01 1.104481e-10
-3.775000e-01 2.937162e-11
-4.650000e-01 1.595572e-11
-3.250000e-01 4.211280e-11
-2.550000e-01 6.796184e-11
-2.375000e-01 7.676899e-11
-4.475000e-01 1.781175e-11
2.525000e-01 2.329870e-09
-4.500000e-02 2.916699e-10
2.175000e-01 1.818467e-09
1.825000e-01 1.423045e-09
-2.750000e-02 3.293880e-10
9.500000e-02 7.694191e-10
2.350000e-01 2.050412e-09
-1.000000e-02 3.714377e-10
7.750000e-02 6.839929e-10
-3.600000e-01 3.294607e-11
-9.750000e-02 2.023561e-10
1.125000e-01 8.726634e-10
1.300000e-01 9.852552e-10
-8.000000e-02 2.303120e-10
7.500000e-03 4.054397e-10
-1.150000e-01 1.797918e-10
4.250000e-02 5.363011e-10
2.000000e-01 1.608448e-09
6.200000e-01 3.500386e-08
6.375000e-01 4.041848e-08
6.025000e-01 3.045967e-08
4.625000e-01 1.047899e-08
1.475000e-01 1.113298e-09
1.650000e-01 1.257098e-09
2.500000e-02 4.738588e-10
2.875000e-01 2.989189e-09
4.800000e-01 1.191075e-08
3.400000e-01 4.328159e-09
-6.250000e-02 2.585721e-10
3.750000e-01 5.563314e-09
1.005000e+00 3.086130e-07
3.575000e-01 4.911085e-09
6.000000e-02 6.053523e-10
5.850000e-01 2.652432e-08
4.975000e-01 1.357254e-08
1.022500e+00 3.098291e-07
5.500000e-01 2.016827e-08
5.150000e-01 1.547680e-08
8.475000e-01 1.967753e-07
3.925000e-01 6.299802e-09
9.875000e-01 3.047096e-07
3.225000e-01 3.820477e-09
9.700000e-01 2.983287e-07
7.425000e-01 9.606579e-08
5.675000e-01 2.310105e-08
8.825000e-01 2.328884e-07
7.600000e-01 1.102228e-07
4.275000e-01 8.121201e-09
2.700000e-01 2.633577e-09
4.100000e-01 7.155858e-09
6.725000e-01 5.397654e-08
9.000000e-01 2.495390e-07
1.407500e+00 8.472785e-08
1.390000e+00 9.317252e-08
3.050000e-01 3.370944e-09
1.372500e+00 1.022785e-07
1.232500e+00 1.961931e-07
7.775000e-01 1.257227e-07
9.525000e-01 2.892781e-07
5.325000e-01 1.765327e-08
7.075000e-01 7.224016e-08
1.355000e+00 1.120297e-07
7.950000e-01 1.423306e-07
1.127500e+00 2.734387e-07
8.125000e-01 1.598913e-07
1.617500e+00 2.403750e-08
1.145000e+00 2.618151e-07
1.775000e+00 8.611173e-09
7.250000e-01 8.349918e-08
8.650000e-01 2.150811e-07
9.350000e-01 2.779807e-07
1.757500e+00 9.677368e-09
1.092500e+00 2.925300e-07
1.267500e+00 1.699216e-07
6.550000e-01 4.668686e-08
6.900000e-01 6.251624e-08
1.162500e+00 2.495517e-07
4.450000e-01 9.223958e-09
1.285000e+00 1.571646e-07
1.337500e+00 1.224377e-07
1.740000e+00 1.084970e-08
1.250000e+00 1.828416e-07
1.197500e+00 2.232510e-07
1.530000e+00 4.148304e-08
1.547500e+00 3.729101e-08
1.180000e+00 2.365132e-07
1.320000e+00 1.334251e-07
1.057500e+00 3.054629e-07
1.075000e+00 3.001743e-07
1.915000e+00 3.367128e-09
1.477500e+00 5.683531e-08
1.652500e+00 1.921978e-08
1.722500e+00 1.218930e-08
1.792500e+00 7.669375e-09
8.300000e-01 1.783015e-07
1.512500e+00 4.613804e-08
1.635000e+00 2.150337e-08
2.125000e+00 8.039396e-10
2.142500e+00 7.134260e-10
1.582500e+00 2.999679e-08
1.670000e+00 1.715675e-08
1.705000e+00 1.366164e-08
1.442500e+00 6.957806e-08
1.932500e+00 2.988740e-09
2.002500e+00 1.858285e-09
1.565000e+00 3.344771e-08
2.527500e+00 5.011366e-11
1.862500e+00 4.797951e-09
1.040000e+00 3.088568e-07
2.510000e+00 5.678184e-11
2.107500e+00 9.069588e-10
2.177500e+00 5.610520e-10
2.020000e+00 1.649669e-09
1.110000e+00 2.837400e-07
2.300000e+00 2.417917e-10
1.967500e+00 2.358405e-09
2.160000e+00 6.328621e-10
1.215000e+00 2.096738e-07
1.897500e+00 3.788250e-09
9.175000e-01 2.647298e-07
2.317500e+00 2.143522e-10
1.827500e+00 6.066030e-09
1.460000e+00 6.296238e-08
2.492500e+00 6.404976e-11
2.090000e+00 1.021567e-09
1.495000e+00 5.124533e-08
2.055000e+00 1.298585e-09
2.247500e+00 3.469129e-10
2.912500e+00 3.533430e-12
1.600000e+00 2.685971e-08
2.282500e+00 2.724592e-10
2.387500e+00 1.321315e-10
2.352500e+00 1.682593e-10
2.037500e+00 1.463501e-09
1.845000e+00 5.397766e-09
2.562500e+00 3.954288e-11
2.895000e+00 3.972491e-12
1.425000e+00 7.686474e-08
1.302500e+00 1.450893e-07
1.880000e+00 4.263005e-09
2.212500e+00 4.407564e-10
2.702500e+00 1.506227e-11
1.950000e+00 2.654661e-09
2.685000e+00 1.695347e-11
2.440000e+00 9.207641e-11
2.545000e+00 4.458549e-11
2.422500e+00 1.037271e-10
2.230000e+00 3.912457e-10
2.475000e+00 7.237952e-11
1.687500e+00 1.530322e-08
2.632500e+00 2.442282e-11
1.985000e+00 2.091591e-09
2.667500e+00 1.917595e-11
2.772500e+00 9.251090e-12
1.810000e+00 6.820922e-09
2.877500e+00 4.491756e-12
2.597500e+00 3.106717e-11
2.825000e+00 6.458424e-12
2.947500e+00 2.768788e-12
2.615000e+00 2.743751e-11
2.737500e+00 1.180667e-11
2.405000e+00 1.172190e-10
2.195000e+00 4.976043e-10
2.370000e+00 1.491084e-10
2.265000e+00 3.075801e-10
2.807500e+00 7.321917e-12
2.860000e+00 5.061178e-12
2.930000e+00 3.123941e-12
2.982500e+00 2.173561e-12
3.000000e+00 1.914780e-12
2.790000e+00 8.137120e-12
2.755000e+00 1.046452e-11
2.072500e+00 1.151948e-09
2.580000e+00 3.505560e-11
2.335000e+00 1.900168e-10
2.650000e+00 2.163658e-11
2.457500e+00 8.185690e-11
2.720000e+00 1.333804e-11
2.965000e+00 2.466495e-12
2.842500e+00 5.720537e-12
